2,1006,1495108,10,487498,0.5498045,1.1771853,0.7451769,0.6503062,0.6168897,0.5623816,0.5269394,0.5626077,0.5375091,0.5073754,0.5042868,0.5094672,0.5111709,0.5063356,0.4949539,0.4854675,0.4909767,0.4819893,0.4758296,0.4976958,0.4705756,0.4898539,0.4770879,0.480593,0.4793408,0.4662969,0.5023487,0.463608,0.4712013,0.4585733,nan
2,101,1511037,64,106072,0.2547166,0.2094597,0.1762157,0.166183,0.1453104,0.0829453,0.134376,0.1354956,0.1402757,0.1332832,0.1061965,0.1320405,0.1300941,0.164037,0.1378428,0.1307113,0.1609656,0.1294525,0.1307614,0.1431191,0.128205,0.1302962,0.1351004,0.1336159,0.1344611,0.1316541,0.1313455,0.1322273,0.1127414,0.1257893,nan
2,1013,1866253,74,111523,1.7124428,1.9143719,1.3375434,1.279223,1.2300643,1.194144,1.0546045,1.0801566,1.043325,1.229401,1.1162219,1.0315111,1.0240229,1.0659342,1.0985989,1.2180123,0.9811275,1.0837872,0.9310772,1.0836217,0.9458962,1.0187053,0.9678047,0.9695107,1.0156361,0.9786732,0.9543253,0.98273,1.1890446,1.2453354,nan
2,1046,1711361,40,179398,0.9682852,1.4378036,0.9566383,0.8836182,0.789411,0.7935676,0.7824961,0.7431897,0.7313707,0.732746,0.7266218,0.7383075,0.7292082,0.6759223,0.7103999,0.74402,0.6066462,0.660037,0.7378128,0.7063148,0.6582746,0.7311672,0.6167551,0.7738868,0.6712303,0.8074511,0.6414063,0.6799282,0.5877852,0.6631395,nan
2,1096,1463490,41,154405,0.5115978,0.797117,0.5194933,0.4523618,0.490617,0.4161553,0.4123838,0.4071291,0.5603351,0.3767279,0.3752093,0.3678801,0.3696674,0.3589537,0.4160895,0.3516734,0.3519722,0.4641115,0.4661376,0.4441392,0.3397483,0.3444887,0.3448977,0.342317,0.331291,0.3637272,0.3354549,0.3437762,0.3386339,0.3403036,nan
2,1099,121317,54,10414,0.1377518,0.1061182,0.0881414,0.0702183,0.0739659,0.0723957,0.0686587,0.0686493,0.0684842,0.0680305,0.067675,0.0659554,0.0706336,0.0649863,0.0647983,0.0660666,0.0639888,0.0663001,0.0675261,0.066953,0.0659916,0.0673649,0.0587653,0.0881171,0.06519,0.0654807,0.0654878,0.0648839,0.0646314,0.059026,nan
2,1101,354520,35,44359,0.1395577,0.1576157,0.1154709,0.1102967,0.1160559,0.0995804,0.0925407,0.0945901,0.0929721,0.0862766,0.092286,0.0889651,0.0862884,0.0842592,0.0858643,0.0841521,0.082624,0.0849212,0.0836918,0.0789664,0.0863914,0.087007,0.086892,0.0874861,0.077955,0.0799952,0.0806084,0.0824265,0.0868373,0.0820238,nan
2,1102,293848,14,81271,0.2018705,0.2347213,0.1667755,0.1627964,0.1529951,0.144026,0.1484564,0.1409091,0.1321941,0.159258,0.1328333,0.1327404,0.1349589,0.1295737,0.1299843,0.1277109,0.1310798,0.1216869,0.1271323,0.126504,0.1235831,0.1265959,0.1277501,0.1528051,0.1302794,0.1321837,0.1321928,0.1276258,0.1236945,0.1287515,nan
2,1110,1361967,32,177238,0.7469962,1.2654945,0.770161,0.7087968,0.6151212,0.651759,0.5081499,0.6014521,0.5573901,0.5749424,0.6267083,0.590918,0.5426499,0.5675799,0.5457641,0.5470734,0.5263128,0.5422688,0.5750123,0.5377164,0.5387798,0.5448693,0.5551795,0.5299889,0.5246887,0.5493597,0.5457956,0.4174862,0.5322356,0.659891,nan
2,1119,1568648,41,162685,1.0330311,1.2696165,0.9554846,0.9519958,0.8522199,0.7763138,0.7495559,0.7584147,0.7041752,0.7170442,0.6873108,0.7026117,0.6769844,0.7069442,0.6404943,0.6842137,0.6419381,0.7639571,0.6519803,0.6472228,0.6289149,0.6820531,0.6865316,0.6708349,0.6646294,0.6549664,0.5989974,0.6451203,0.6406246,0.6235289,nan
2,1128,501743,75,30556,0.7152536,0.5700883,0.4448292,0.4184722,0.3775982,0.3731538,0.3798551,0.3469907,0.3828321,0.3327843,0.3483338,0.344752,0.3173503,0.3534921,0.3425567,0.3406404,0.3416972,0.3295033,0.3408236,0.3065231,0.3706706,0.329196,0.3479119,0.3230725,0.3308851,0.3211395,0.3601835,0.3385231,0.3284717,0.3055839,nan
2,1146,1710973,81,96529,1.7317853,1.9183314,1.4375794,1.2826311,1.1525059,1.1573913,1.1597909,1.120767,1.0352429,1.1171168,1.0452163,1.0401639,1.0739879,1.1081821,1.0060106,1.0495529,1.0599763,1.10451,1.0068454,1.154146,0.9502156,0.9955944,1.0201449,1.0725676,0.9771274,0.9926638,1.0424555,1.0080954,1.1028637,0.9729002,nan
2,1180,1495853,27,229255,0.7358589,1.4780183,0.9227658,0.78893,0.6788658,0.7126872,0.6760035,0.6453199,0.6546572,0.6082334,0.6484467,0.7506341,0.6568211,0.6259004,0.7611958,0.7474419,0.8413917,0.6809668,0.6197435,0.6281148,0.5578863,0.6024214,0.6012786,0.5878209,0.631647,0.5887235,0.5998232,0.5855479,0.6285931,0.814775,nan
2,1198,1960178,56,152014,1.3773363,1.7877762,1.2534552,1.207992,1.0801809,1.0845345,1.0346988,1.0406742,0.9625101,0.9687254,0.937821,0.9371052,1.0334718,0.9255582,1.0054074,0.9009611,1.1182023,1.1680209,1.0001381,0.9568787,0.9804329,0.9481632,0.9062967,0.903299,0.9718961,1.0918754,1.1903496,0.9098964,0.9536503,1.0293017,nan
2,1199,616068,33,81232,0.4773101,0.5496017,0.3810476,0.3557965,0.3238518,0.3245632,0.309862,0.2981711,0.2970186,0.3140156,0.2548917,0.2898522,0.2665604,0.2923481,0.3068388,0.2811714,0.3012641,0.2987282,0.3016323,0.2866441,0.2887128,0.2814636,0.2771031,0.2836661,0.2868431,0.2746549,0.2836821,0.300227,0.2741801,0.280261,nan
2,1207,417486,80,24316,0.2736735,0.2297156,0.1753575,0.1707166,0.1530636,0.1550946,0.1608697,0.1574512,0.1633156,0.1580359,0.1777267,0.1414476,0.1447774,0.1345417,0.150018,0.1425877,0.1407445,0.1330722,0.1444812,0.1532528,0.1522672,0.1417262,0.1519093,0.1354789,0.1367311,0.1402611,0.1447912,0.1377173,0.1437585,0.1409169,nan
2,1210,954424,48,83929,0.8114928,1.0629081,0.6373859,0.6185239,0.3919992,0.5347033,0.5441384,0.5457806,0.533333,0.5336441,0.5125363,0.5422543,0.5227602,0.5315496,0.5893841,0.5193909,0.503237,0.4817786,0.5161418,0.4736366,0.5160734,0.4922236,0.4944725,0.5157375,0.5055773,0.4983592,0.484025,0.5033637,0.4935345,0.5061152,nan
2,123,1543301,43,153334,0.267549,0.2087086,0.174665,0.1723005,0.1537889,0.1548244,0.1503931,0.1591036,0.1427835,0.1429447,0.1431332,0.1309711,0.1358699,0.128432,0.1305073,0.1288269,0.1352696,0.1300708,0.1290819,0.1322734,0.1459257,0.1327632,0.1256924,0.1298845,0.129337,0.1261948,0.1255029,0.1238101,0.1218172,0.1262423,nan
2,1237,699905,20,151192,0.2254388,0.3265786,0.209467,0.1864113,0.169243,0.1726802,0.1744173,0.1695762,0.1586882,0.1642071,0.1564922,0.147905,0.1628686,0.1502662,0.1387382,0.1383505,0.1420886,0.1415987,0.1532275,0.1465536,0.1480185,0.149972,0.142317,0.1447415,0.1450065,0.13696,0.1424704,0.1524214,0.1384737,0.1455139,nan
2,1251,47534,74,3070,0.036621,0.0219478,0.0200406,0.0197736,0.0183949,0.0181261,0.0187556,0.0187359,0.0179229,0.0180417,0.0183406,0.0170157,0.0167335,0.0157737,0.0159807,0.01613,0.0154632,0.0169659,0.0162627,0.0162929,0.0150867,0.0156343,0.0162746,0.0155264,0.0153587,0.0148206,0.0154152,0.0153151,0.0160567,0.0160127,nan
2,1252,1430180,97,68440,1.8053156,1.7980577,1.4578242,1.2511089,1.0923226,1.1250573,1.2187544,1.0461038,1.0325068,0.9829441,1.0062503,0.9961147,0.965058,1.0248695,1.0390403,0.9219061,1.0561249,1.0274471,0.9367929,0.9341668,0.9690537,0.9377233,0.9973732,0.9069034,0.916423,0.9950545,0.9186374,1.0072646,0.9224062,0.9576704,nan
2,1268,776753,47,75328,0.6737573,0.833126,0.5868463,0.5092053,0.4826886,0.4373616,0.4690726,0.4484202,0.431671,0.4140375,0.4154841,0.4040146,0.4121592,0.4029849,0.4083863,0.417249,0.4141885,0.4152501,0.3964214,0.4061141,0.4236503,0.4094109,0.3861277,0.3973181,0.386835,0.4183041,0.4287768,0.3796225,0.414355,0.3754204,nan
2,1273,1194032,52,103246,1.038145,1.2485057,0.87507,0.799154,0.7413403,0.7136956,0.748029,0.7283364,0.7026787,0.7346572,0.6813536,0.5451358,0.6834146,0.6468706,0.62419,0.7178456,0.666257,0.6326581,0.6290768,0.6523296,0.7120799,0.6995213,0.6496067,0.5952263,0.6352159,0.6240739,0.6259872,0.6276319,0.6277669,0.6650426,nan
2,1279,1060308,32,142735,0.6603006,0.9622234,0.679081,0.5950958,0.556922,0.5380402,0.5339041,0.512053,0.4936298,0.4920067,0.4758313,0.4140216,0.4735108,0.5059723,0.4740165,0.4989825,0.4705887,0.4721228,0.4237328,0.5030062,0.4388945,0.4975287,0.4890724,0.4531195,0.4845808,0.4666628,0.4740469,0.5673602,0.4499183,0.4218134,nan
2,1284,725813,55,61246,0.7327283,0.7619313,0.5426988,0.5310288,0.4980099,0.4636977,0.4554481,0.4607905,0.4385357,0.4305294,0.4062197,0.4451998,0.4436415,0.4088397,0.4358953,0.4214624,0.4192955,0.4180002,0.4143091,0.401825,0.4180671,0.4181873,0.4112934,0.4327173,0.4144813,0.3924823,0.3938665,0.4350982,0.3839464,0.3987129,nan
2,1303,1499019,50,131020,0.6685311,0.87869,0.5648824,0.5315074,0.4931585,0.4874464,0.4593969,0.4678336,0.4345428,0.4610653,0.5886398,0.4241481,0.435107,0.4163007,0.4377989,0.5334148,0.5507843,0.5505223,0.4074507,0.4254832,0.5060149,0.4027183,0.4087662,0.4052477,0.4017912,0.3897401,0.4024234,0.415396,0.3880513,0.4040356,nan
2,1303,908671,24,145387,0.575561,0.7168237,0.5177723,0.468557,0.5029089,0.4441573,0.4583685,0.4226137,0.4298557,0.4164353,0.4654749,0.4333032,0.4568549,0.4076625,0.4145169,0.3903336,0.4150391,0.4127021,0.4382363,0.391768,0.3959819,0.3935938,0.4005214,0.3885684,0.3926157,0.3807967,0.416055,0.3753517,0.396263,0.3872662,nan
2,1322,1291809,71,82882,1.3485167,1.5382604,1.1982053,1.0577281,0.9310359,0.9935186,0.9986593,0.8834163,0.8969978,0.9718978,0.8363226,0.8875126,0.8319186,0.8579111,0.8180705,0.8080796,0.8206057,0.8277223,0.780987,0.8603891,0.8308377,0.7996759,0.8260648,0.7036801,0.8065719,0.8359453,0.7698737,0.7862537,0.9131457,0.8258729,nan
2,1328,361367,51,31954,0.3979249,0.3871848,0.3124362,0.2639733,0.2747826,0.2657676,0.2471775,0.2425137,0.2312757,0.2373931,0.2301768,0.229972,0.2402661,0.2199206,0.2058114,0.2264387,0.2147463,0.2205624,0.2150722,0.2154904,0.2221635,0.2049625,0.2243838,0.2170716,0.2177456,0.2006593,0.2307847,0.2207998,0.1558144,0.2178088,nan
2,1329,1111212,43,114661,0.751185,0.983755,0.7165032,0.6571697,0.6260444,0.6303316,0.4750268,0.6056053,0.5691944,0.4881719,0.5936779,0.5754632,0.5696323,0.587874,0.5022469,0.534844,0.5497746,0.5265889,0.5403067,0.4138338,0.5365494,0.6152423,0.5353856,0.5635628,0.5439659,0.4678326,0.5368169,0.537678,0.527105,0.5422874,nan
2,1335,1287697,66,88492,1.3084029,1.3882978,1.0118358,0.858555,0.8226318,0.8225321,0.7695676,0.7869125,0.8042083,0.8059559,0.8054286,0.6491653,0.8230422,0.7407832,0.7487729,0.7670447,0.7518151,0.7129035,0.7219539,0.6964536,0.7236374,0.717923,0.7777877,0.7441461,0.7980233,0.7468261,0.7239383,0.728257,0.7570141,0.7289663,nan
2,1336,854901,78,49249,1.0077337,0.9586567,0.7500363,0.6195932,0.5522156,0.5262185,0.62622,0.6148573,0.6587072,0.6315281,0.6174909,0.5613764,0.5661894,0.5731115,0.5672848,0.5192199,0.5415547,0.5433214,0.5625158,0.5633994,0.5404294,0.5825354,0.547096,0.5197611,0.5716304,0.5260476,0.5206046,0.5415191,0.518956,0.5311166,nan
2,1346,1220224,25,213805,0.3752248,0.6469632,0.4161951,0.3623872,0.3579624,0.3148081,0.317089,0.3051928,0.2921047,0.301651,0.2991766,0.304209,0.2845047,0.2785521,0.2737513,0.2774547,0.3013285,0.2925584,0.2727876,0.2681209,0.2794686,0.2698606,0.2698819,0.266295,0.2650728,0.268124,0.2690347,0.2714158,0.2759746,0.2849497,nan
2,1346,1556375,20,289651,0.8099743,1.2800364,0.9075267,0.7648413,0.7954404,0.7263356,0.6808595,0.666211,0.6202401,0.6553248,0.6337363,0.5991189,0.6420939,0.5688851,0.6139857,0.6293855,0.6079969,0.6310811,0.5950161,0.6151984,0.5708504,0.579541,0.5878944,0.6882207,0.5667285,0.5685353,0.55,0.5740477,0.566975,0.5826798,nan
2,136,443913,75,27652,0.1684359,0.1303899,0.1173141,0.1230878,0.0906354,0.0913513,0.0945125,0.0934124,0.0955959,0.0924918,0.0912793,0.0914926,0.0904467,0.0887025,0.0867151,0.0869502,0.0916666,0.0903874,0.0894859,0.0906039,0.0839254,0.0863406,0.0855266,0.0860328,0.0874134,0.1036747,0.0923514,0.0841072,0.0922621,0.0849066,nan
2,137,680477,56,54982,0.1854637,0.1539245,0.1403515,0.1196913,0.1162739,0.1213101,0.114022,0.1089305,0.1012956,0.0991708,0.1025217,0.1046184,0.1006422,0.0990041,0.0988718,0.1046509,0.1058128,0.0945844,0.0976288,0.09727,0.096819,0.094103,0.09552,0.0945899,0.093566,0.095775,0.1094499,0.0894819,0.093869,0.0925416,nan
2,1385,1330975,91,67099,1.744209,1.7437201,1.319692,1.0723184,1.1082127,1.0810579,1.097289,0.9809924,1.0412136,0.9597675,1.0075236,0.9883115,0.9332872,0.9347596,0.9986346,0.963389,0.9097819,0.9997836,0.9193161,0.8992265,0.8425642,0.9284447,0.776477,0.9782613,0.9408856,0.9474577,0.8671816,0.8495602,0.8412461,0.9785083,nan
2,1390,1895482,72,116800,1.8866357,2.6435001,1.5898104,1.4797861,1.3550661,1.3418272,1.2304112,1.3133683,1.2797971,1.204984,1.1794506,1.2002318,1.2606927,1.2338442,0.9967687,1.1317054,1.1931214,1.0795976,1.0960615,1.1040137,1.3103954,1.3850788,1.0237666,1.1632617,1.162955,1.0042703,1.1032643,1.1085308,1.4220551,1.4792,nan
2,1395,1516116,35,193627,0.9673972,1.712968,0.9758967,0.9026084,0.9295338,0.8136477,0.8035268,0.7778153,0.7310722,0.7249975,0.7158182,0.7289932,0.6748664,0.7178805,0.689647,0.8050264,0.73267,0.6842431,0.6927786,0.6705277,0.6455602,0.6993215,0.7021084,0.6628577,0.6668215,0.7490257,0.8329914,0.7925088,0.6726439,0.6917179,nan
2,1401,1614436,18,331096,0.443811,0.7878105,0.5577029,0.4883456,0.444919,0.4409805,0.4377129,0.3868547,0.3813999,0.4894696,0.3691119,0.4340446,0.4883095,0.4016883,0.3493755,0.3451658,0.3543142,0.3497732,0.3479432,0.4652171,0.4638224,0.4546774,0.3449141,0.3431641,0.3434533,0.3446658,0.444848,0.3494237,0.3404581,0.4642376,nan
2,1403,702655,97,33820,1.1430974,0.8453645,0.6290853,0.6350835,0.6215259,0.5696655,0.5723501,0.5475694,0.5320088,0.4909056,0.5484682,0.4894964,0.5263562,0.5013515,0.5555595,0.5704919,0.5389751,0.524855,0.5115004,0.4954965,0.5412075,0.4864865,0.5370882,0.5285844,0.4896523,0.487647,0.4746202,0.508258,0.4702644,0.4578517,nan
2,1407,254814,59,19984,0.1821364,0.1325802,0.1114395,0.1324846,0.0904041,0.0803443,0.0807882,0.0881724,0.0805758,0.0938619,0.0801847,0.0878505,0.0759474,0.1115639,0.0779573,0.0806041,0.0761878,0.0821422,0.0743763,0.0829022,0.0695691,0.0810623,0.0715279,0.0844388,0.0758841,0.0889612,0.0694747,0.0797953,0.0741201,0.1010875,nan
2,1411,1036556,73,63442,1.2715618,1.2334201,1.0240622,0.8542692,0.7615065,0.8178207,0.8204562,0.776947,0.7378412,0.8065556,0.6799603,0.7192267,0.7256213,0.7448659,0.7261365,0.7724557,0.8012301,0.7524142,0.6788323,0.7194821,0.7424461,0.6886203,0.7026899,0.8081258,0.68751,0.6599984,0.7001548,0.7021464,0.6769221,0.675306,nan
2,1422,511775,85,28000,0.7165328,0.6234941,0.4921237,0.4538506,0.4264478,0.3049013,0.4851238,0.4803407,0.4921608,0.5019887,0.5186904,0.5015274,0.3678547,0.3572685,0.3380678,0.353349,0.3698175,0.3737034,0.3648583,0.3652104,0.3612174,0.347613,0.3725342,0.3591923,0.3531521,0.3192515,0.3351336,0.3414842,0.3600934,0.3370297,nan
2,1428,666126,54,56266,0.7315212,0.5368625,0.5143278,0.4678471,0.4556,0.4065982,0.4220888,0.4169913,0.4286237,0.411575,0.3710139,0.4031872,0.4166149,0.3841331,0.4086144,0.3868859,0.3931947,0.3709112,0.3985141,0.343449,0.3908612,0.3729375,0.3629765,0.4132238,0.3603827,0.3558721,0.3807409,0.3016057,0.365671,0.3998948,nan
2,1429,1605926,33,204001,0.5400132,0.8272601,0.5879581,0.5534652,0.4852208,0.4613345,0.4598862,0.4482323,0.5611529,0.5969899,0.4019453,0.4208868,0.4219171,0.3927493,0.3923619,0.3862678,0.3822757,0.3842617,0.3787865,0.3704862,0.3786482,0.374354,0.3698997,0.3841867,0.3856502,0.3895601,0.3844899,0.3837354,0.3744124,0.461394,nan
2,1448,64239,84,3634,0.1144012,0.0721396,0.0618767,0.0626922,0.0593246,0.0565914,0.0540039,0.0581101,0.0567225,0.0526729,0.0542202,0.0583384,0.0567762,0.0576698,0.0553381,0.0589187,0.0715275,0.0512319,0.0557722,0.0530825,0.0538669,0.0529668,0.0560771,0.0531639,0.048631,0.054028,0.0508529,0.0541293,0.0412699,0.039026,nan
2,1453,656253,67,45034,0.8113642,0.7906709,0.563504,0.5203445,0.5325634,0.482968,0.450295,0.4787493,0.4508007,0.3850518,0.4616408,0.4389652,0.4255492,0.4322514,0.4475002,0.4170462,0.4401443,0.4793403,0.4084355,0.4102141,0.4037057,0.4327849,0.3954232,0.4788774,0.4339446,0.4279651,0.3874387,0.413119,0.459233,0.4056884,nan
2,1476,914814,40,96955,0.4337439,0.572922,0.3287371,0.3332398,0.3150612,0.3216052,0.2984296,0.2885487,0.2736806,0.2784052,0.2552361,0.2638486,0.305234,0.2883566,0.2791532,0.279679,0.2498099,0.244964,0.2561806,0.2517315,0.2438218,0.2457953,0.2629027,0.2558648,0.2510813,0.2635467,0.2535554,0.2492377,0.2523206,0.255585,nan
2,1488,1206045,13,339643,0.6083661,1.3334176,0.8064793,0.6753011,0.6421907,0.5561646,0.5501924,0.489264,0.5224335,0.5147917,0.5259977,0.5418049,0.5232933,0.4987426,0.5087582,0.517006,0.5073746,0.4961661,0.5141372,0.4789244,0.4731202,0.4889322,0.472642,0.4948714,0.4625822,0.4747533,0.4636995,0.4810669,0.4776206,0.4802435,nan
2,1501,1079116,44,112798,0.4608165,0.5609593,0.4115133,0.3579066,0.3682667,0.3184568,0.3117937,0.3032124,0.2975302,0.2936705,0.2966664,0.2907737,0.3433327,0.2772411,0.2842873,0.2793017,0.2829914,0.3040945,0.3429502,0.275805,0.2788988,0.2859255,0.2777118,0.2695344,0.2755792,0.2737532,0.2883223,0.2661195,0.2751025,0.2765709,nan
2,1512,619559,25,104302,0.4481463,0.6565624,0.4343727,0.3977575,0.3855716,0.3465346,0.3402803,0.353577,0.3222653,0.3382133,0.3094477,0.3149963,0.3173005,0.3076989,0.3193244,0.3060197,0.3229514,0.2974398,0.3147413,0.3077859,0.2987621,0.3080666,0.3067115,0.2999523,0.2979222,0.2951881,0.2997748,0.2890201,0.3065946,0.1920671,nan
2,153,642940,35,77710,0.1471598,0.0998877,0.1012384,0.090542,0.0864487,0.0900899,0.089887,0.0852539,0.0805127,0.0721943,0.0827798,0.0787206,0.078326,0.0800117,0.0774544,0.0764047,0.0778136,0.0938118,0.0723967,0.0734685,0.0713633,0.0969344,0.0769184,0.0805021,0.0793147,0.079104,0.0784719,0.080263,0.078863,0.0821902,nan
2,1543,50493,90,2692,0.0939144,0.0544387,0.0515415,0.0475957,0.0463918,0.0447845,0.0453546,0.0448157,0.0446039,0.0428863,0.0437359,0.0947046,0.0364571,0.0352038,0.0361025,0.0366353,0.0376233,0.03962,0.0391616,0.0379115,0.0356702,0.0383344,0.0381441,0.0357646,0.0354899,0.038255,0.03736,0.0381847,0.0366569,0.0369241,nan
2,1543,843121,75,50734,1.1101798,1.1220101,0.8338878,0.7032056,0.6661684,0.6760279,0.6322219,0.6231844,0.6097896,0.5701243,0.606532,0.6802046,0.5626482,0.6175704,0.5848798,0.6068884,0.5120113,0.5762747,0.5994491,0.5702806,0.6107009,0.5976764,0.6217634,0.5708703,0.6222335,0.6294526,0.6270134,0.6548746,0.5769023,0.5767216,nan
2,1545,1101545,99,51835,0.9426229,0.7962845,0.6602123,0.5419494,0.5358769,0.4787371,0.5103728,0.4798603,0.4355826,0.4385477,0.5238361,0.4427608,0.4522126,0.4345916,0.4201812,0.4361418,0.454873,0.5782365,0.6359347,0.4212472,0.4608166,0.4479253,0.3992242,0.4342961,0.484207,0.430536,0.4290414,0.4014097,0.4153933,0.4278723,nan
2,1546,661768,48,60742,0.5954528,0.6611027,0.5011236,0.5117184,0.42575,0.4200476,0.2748045,0.3847818,0.3922106,0.3947954,0.3757833,0.3957678,0.3813691,0.3614039,0.3687377,0.3994512,0.360289,0.4160468,0.317811,0.2986276,0.3772383,0.3437342,0.3993282,0.4137005,0.3421086,0.3965464,0.3591212,0.3674306,0.3889014,0.3442666,nan
2,1548,79721,62,6040,0.1202275,0.0824816,0.0732548,0.0745158,0.0731747,0.0681247,0.069342,0.0687732,0.0704441,0.0672878,0.0681236,0.0662168,0.0632255,0.0616132,0.0651986,0.0631554,0.0721858,0.0566078,0.0434628,0.078224,0.0635205,0.0623696,0.0532059,0.0565484,0.0529559,0.055773,0.0366799,0.0272111,0.0307519,0.0559184,nan
2,1569,770551,58,61204,0.4932344,0.4409124,0.3423873,0.315658,0.2816555,0.2578577,0.2526227,0.2578568,0.2450671,0.2512101,0.2328649,0.2438343,0.2391318,0.2454864,0.2340294,0.231255,0.228092,0.2356373,0.2504606,0.2352989,0.2210448,0.228824,0.2274537,0.2132227,0.2360113,0.2222589,0.2380441,0.2151343,0.2271932,0.2341492,nan
2,1577,1697737,76,100762,1.0708119,1.2227117,0.7883673,0.7475662,0.6998183,0.6339841,0.6523025,0.6165323,0.5726855,0.5908925,0.6068948,0.5801417,0.5968202,0.5778425,0.560843,0.559902,0.5556338,0.5175949,0.6669149,0.5292981,0.5393259,0.5287505,0.5407902,0.5602963,0.5613064,0.538086,0.5221297,0.554988,0.5611138,0.8120636,nan
2,1586,1724203,15,405205,0.8882395,1.9320205,1.0684966,1.035641,0.8742489,0.833521,0.7940106,0.7985144,0.7632502,0.7367259,0.7703287,0.6903903,0.7274647,0.7162205,0.721952,0.7003765,0.7253861,0.6847245,0.7314019,0.6802524,0.6696563,0.7052459,0.6562978,0.6990293,0.8836229,0.6865261,0.6568666,0.6678553,0.6629995,0.677274,nan
2,1591,663025,51,57592,0.6934521,0.6729131,0.5555933,0.499498,0.4391271,0.4722811,0.4709578,0.4040635,0.4272208,0.351885,0.4153864,0.3971526,0.4119726,0.4441012,0.4102056,0.4103734,0.4012335,0.4167649,0.4283397,0.4220157,0.410956,0.2110721,0.395693,0.3915099,0.4230163,0.3966229,0.4020591,0.3872753,0.4136392,0.2966866,nan
2,1592,1412953,68,93766,1.5982663,1.633894,1.2472612,1.090825,1.0789169,1.0365522,1.016259,0.9611542,0.9273846,0.9151849,1.0122513,0.9782324,0.9346817,0.9170625,0.9165861,0.8575295,0.8749346,0.8804496,0.8776393,0.9226872,0.8895966,0.9800907,1.0026747,0.8990948,0.8914423,0.8753003,0.9346414,0.8927755,0.8882043,0.9481452,nan
2,1592,883175,55,71170,1.0710093,1.1262135,0.7643191,0.6853654,0.6528438,0.7397304,0.6841391,0.6286519,0.5564997,0.6014478,0.5397657,0.560065,0.565428,0.5748051,0.5204869,0.5510964,0.5612318,0.5318029,0.575184,0.5635498,0.5398173,0.5288801,0.526551,0.5460746,0.5917705,0.5337809,0.5390166,0.5212748,0.5402833,0.6111727,nan
2,1600,440574,99,20551,0.9369947,0.6421748,0.5174856,0.410183,0.4326905,0.4164463,0.4323655,0.411828,0.4002307,0.3863132,0.4008389,0.4025456,0.4004873,0.3909116,0.4086092,0.3736543,0.4010456,0.3702688,0.4252804,0.3902759,0.3911529,0.3746137,0.365772,0.4264787,0.4000906,0.4247635,0.378105,0.3917461,0.3802693,0.3841961,nan
2,1601,1851341,18,362110,0.5848965,0.9276052,0.649516,0.5846413,0.5422534,0.5027324,0.5055185,0.5478036,0.4633974,0.4406079,0.463295,0.4633365,0.4346275,0.4364009,0.4183786,0.4293596,0.4229104,0.440021,0.4212265,0.4227189,0.589822,0.5758825,0.4094192,0.4027811,0.4066342,0.4140368,0.4149972,0.4053273,0.3988946,0.403874,nan
2,1612,1748984,20,317638,0.9117463,1.4761021,1.2249889,0.9130174,0.8763378,0.8417207,0.7889344,0.7924975,0.8067135,0.7546178,0.7627664,0.7546455,0.7961262,0.7583412,0.7315006,0.6882584,0.7138926,0.7063695,0.6689676,0.7238674,0.6811946,0.6962183,0.693164,0.700258,0.6736976,0.7080498,0.6705531,0.7103929,0.6859215,0.7116911,nan
2,1612,809668,27,123301,0.6374056,0.8922686,0.5461956,0.5018547,0.4569403,0.4461407,0.4642908,0.4045172,0.4066682,0.4094407,0.3928301,0.4111479,0.4470016,0.2515767,0.4179469,0.4287881,0.3838177,0.3971137,0.3731137,0.3978241,0.3758386,0.3818895,0.3904654,0.4107963,0.4183999,0.4970262,0.3825046,0.4098332,0.3738362,0.3619595,nan
2,1618,1083313,34,138532,0.8355407,1.1322643,0.833212,0.7288412,0.6417816,0.6587938,0.6330012,0.6736356,0.6426586,0.6198735,0.6101,0.5921438,0.612627,0.6866578,0.5944141,0.5975565,0.5741415,0.6013117,0.6642329,0.488287,0.5703273,0.5769992,0.5677564,0.5694518,0.6489031,0.5428698,0.5622464,0.5518459,0.5658675,0.6362414,nan
2,1618,1876490,42,184945,1.4208881,1.7688754,1.3758829,1.2157935,1.2132957,1.0839699,1.0813029,1.0548299,0.9968165,1.0020849,1.1098111,0.9602756,0.9911918,0.8611055,1.0175562,1.2448839,1.1815426,0.9253938,0.9503559,0.9799353,0.9077983,0.8847172,0.8339631,1.1440299,0.9062976,0.9186927,0.8414219,0.9322153,0.908414,0.8522008,nan
2,1619,1978892,88,101503,2.4910555,2.9297777,1.849165,1.5257032,1.6806528,1.5272438,1.5676926,1.4679042,1.5501866,1.4360473,1.376285,1.4016935,1.4405568,1.4136302,1.4430175,1.4480041,1.4597641,1.6441757,1.5574117,1.370698,1.5411164,1.45638,1.3223281,1.3899801,1.3842985,1.3026562,1.3855437,1.7076679,1.5660905,1.3860237,nan
2,1624,1659703,55,131794,1.5746262,1.9352918,1.4730909,1.3068084,1.1984381,1.0672146,1.1368021,1.0415008,1.0194913,1.0824082,1.0114252,1.0251417,0.9597215,1.0177481,0.9479623,0.9312208,0.993673,0.9084372,0.964654,0.9977284,0.914385,0.9549919,0.9445824,0.9931677,0.9919111,0.9368699,0.9423574,0.95978,1.0743225,1.0053597,nan
2,1626,670704,24,113272,0.5043982,0.5641475,0.4774589,0.4480104,0.3525309,0.3643691,0.3486895,0.341906,0.3297774,0.3264903,0.3345961,0.3273395,0.3081501,0.308961,0.3134697,0.3040917,0.3120594,0.3181304,0.2639886,0.318591,0.2854632,0.2957193,0.3052659,0.3176973,0.2959356,0.3068096,0.3136941,0.3050955,0.3104023,0.3097497,nan
2,1657,491243,10,150019,0.3548913,0.4821575,0.3663342,0.3004081,0.2683758,0.2718135,0.2824992,0.2610703,0.2700834,0.254533,0.2557908,0.2473416,0.2359485,0.2377043,0.2588172,0.2394427,0.2288519,0.2355269,0.2231826,0.2282162,0.226901,0.2341424,0.1639709,0.2394224,0.2397656,0.2216177,0.2259632,0.2257342,0.2339895,0.2278163,nan
2,166,474910,99,22159,0.2106212,0.1979934,0.1775068,0.171312,0.2189213,0.1759317,0.1763457,0.1761271,0.1660016,0.1422262,0.1652991,0.1585169,0.1594747,0.1616252,0.1669531,0.1633942,0.1632688,0.1647934,0.1329404,0.1692497,0.1550598,0.1562776,0.1616155,0.1628802,0.1576368,0.1560281,0.1601444,0.1574959,0.1577029,0.1581903,nan
2,1662,1306914,84,72385,0.9008764,0.8831972,0.6583941,0.5382733,0.4977995,0.5030172,0.5023601,0.5339378,0.4895128,0.474113,0.4446937,0.4479219,0.4787847,0.5404242,0.4918759,0.4583408,0.4975266,0.4581223,0.4463737,0.5002758,0.4877888,0.5005971,0.4562166,0.5133218,0.5327477,0.4751802,0.4349284,0.4429892,0.4808988,0.4943595,nan
2,1676,1132872,38,136690,0.928709,1.2834946,0.8064412,0.754459,0.6764025,0.671799,0.6790341,0.6132268,0.6077031,0.5928176,0.5743383,0.5947962,0.5976097,0.623908,0.5650508,0.5949957,0.6578138,0.5912241,0.5675031,0.5423668,0.5751632,0.5675331,0.5606832,0.594149,0.553224,0.5400369,0.5743699,0.5716716,0.5327876,0.5869077,nan
2,1676,1567555,58,124177,1.5102851,1.8059321,1.2643963,1.1015186,1.0052463,1.057977,0.9902782,0.9610596,0.9798166,0.9990705,0.9655655,0.9584631,0.8824003,0.9956157,0.917558,0.7837203,0.9272359,0.8705746,0.8483786,0.9132053,0.8205808,0.8584017,0.8306602,0.8816117,0.8879081,0.8872058,0.8530782,0.8839905,0.8478508,0.8210307,nan
2,1681,383703,51,34756,0.4841177,0.4072743,0.3297041,0.3081344,0.284101,0.2973955,0.2345468,0.2835678,0.2527732,0.2458113,0.2081831,0.2486497,0.2500997,0.248519,0.2465284,0.2341897,0.2331172,0.2316224,0.239375,0.2173369,0.2428651,0.2340568,0.17526,0.2325518,0.2200091,0.2340854,0.2389482,0.2583904,0.2520663,0.232235,nan
2,1691,1206208,15,303040,0.6316068,1.1751467,0.7536287,0.6473064,0.5957506,0.5961396,0.542825,0.5546577,0.5982056,0.5650737,0.5297226,0.6265722,0.5331983,0.5339755,0.5491069,0.5076043,0.508758,0.5628241,0.5217757,0.5047868,0.512143,0.4930866,0.5142892,0.5191536,0.5109472,0.6281217,0.5061917,0.5159359,0.486828,0.4931184,nan
2,1697,948799,79,55717,1.2335524,1.0599777,0.9102816,0.7875231,0.8427985,0.834805,0.7179092,0.7525996,0.7382304,0.7036045,0.7356951,0.6765548,0.7155981,0.6697299,0.6482982,0.685778,0.6775221,0.6178613,0.6859889,0.7076883,0.677335,0.6246571,0.6974508,0.6234312,0.6695837,0.6716277,0.6681269,0.6303095,0.7158864,0.6062519,nan
2,1703,582129,54,49951,0.6938565,0.5407362,0.4741938,0.4265994,0.4132994,0.4107431,0.3834158,0.3900835,0.3740379,0.2805434,0.3650549,0.3473368,0.3554941,0.356529,0.3440006,0.3645343,0.3700254,0.3253497,0.3604215,0.3591335,0.3667137,0.2920834,0.3551919,0.2835502,0.3586375,0.3246766,0.3932861,0.3224894,0.3232978,0.3562353,nan
2,1708,1257724,78,73777,1.6691874,1.6314612,1.2353359,1.0698709,1.0360886,1.0757448,1.0472109,1.0044797,0.9664074,0.9537192,1.0166588,0.9052493,0.912553,0.9161248,0.9741054,0.8357126,0.8672915,0.8416726,0.9445936,0.9064039,0.7484491,0.92741,0.9015158,0.9353604,0.8534565,0.931968,0.8368556,0.893789,1.012477,1.0289039,nan
2,171,653901,75,39487,0.2478558,0.2019549,0.1825178,0.1644968,0.1588109,0.1351041,0.1450079,0.1477237,0.1547978,0.1470654,0.146267,0.139928,0.1429985,0.13791,0.1585664,0.1566646,0.1351592,0.1348345,0.1374752,0.1379405,0.1375414,0.1370979,0.1444712,0.1358366,0.1375415,0.1355016,0.1331699,0.1407178,0.1382894,0.1372477,nan
2,1718,1048604,52,90553,1.0413012,1.164011,0.8563495,0.7546844,0.7534501,0.7141547,0.70947,0.7241075,0.7495524,0.4541157,0.6398596,0.7173451,0.6423125,0.6749789,0.6068452,0.6487792,0.6636091,0.6533535,0.61256,0.6779415,0.4970195,0.6660663,0.61506,0.6471174,0.637736,0.6556491,0.6089478,0.6420741,0.6838318,0.6210432,nan
2,1721,1976112,33,240337,0.7575988,1.3094233,0.767726,0.6244506,0.6496434,0.6249504,0.5772769,0.535567,0.7177856,0.7512178,0.6847829,0.5102878,0.6025779,0.5150094,0.4987587,0.5031748,0.5997346,0.5120613,0.6321752,0.5007201,0.4735274,0.5022428,0.5020647,0.4942964,0.4822421,0.4844612,0.4684521,0.4805139,0.470589,0.6738459,nan
2,1724,1077848,65,76072,1.3300134,1.2790486,0.9423066,0.9285563,0.8736594,0.805428,0.7340282,0.7872594,0.7798909,0.6880718,0.7508714,0.7069406,0.7677987,0.7758877,0.7487282,0.6888987,0.7065218,0.6668002,0.7075057,0.6521794,0.6911507,0.7132611,0.7455929,0.6885241,0.7663685,0.7756657,0.7135146,0.7335133,0.7050631,0.6805734,nan
2,1728,1441291,76,85432,1.7498728,1.7450653,1.4408387,1.1828972,1.1015801,1.0763796,1.0937505,1.1712485,1.0111893,1.018737,1.0812298,1.0632068,0.9759163,1.071301,1.03374,1.0155828,0.9909212,1.1346801,1.0304739,1.0932008,1.0931202,1.0057393,0.9710757,0.9350069,1.0101516,0.9490835,0.9574091,1.0230828,0.986977,1.0152914,nan
2,1728,322938,45,32980,0.3742094,0.3181476,0.2563013,0.2219614,0.2273821,0.216083,0.1683801,0.2083185,0.1968146,0.1936537,0.2031652,0.1994958,0.2019981,0.1964835,0.2002251,0.1875388,0.1994469,0.201397,0.2014947,0.2052892,0.2134643,0.2039984,0.2075934,0.2093075,0.2203498,0.1901085,0.2004105,0.2115878,0.2050722,0.1923693,nan
2,1739,1972652,63,136522,1.8508517,2.3538325,1.8021384,1.4785324,1.4297803,1.2874638,1.3249175,1.4378226,1.2655659,1.1835964,1.1600959,1.2669827,1.1251776,1.1385467,1.2332055,1.1823463,1.5214771,1.2253706,1.1192806,1.1909946,1.1240407,1.2754008,1.1955354,1.0139771,1.1920357,1.1233342,1.0808931,1.1079738,1.1132181,1.097575,nan
2,1743,1194196,75,72706,1.608226,1.3635564,1.2315327,1.0225008,1.0557784,0.9344862,1.015649,0.9233086,0.9542262,0.9719156,0.9358405,0.9195595,0.9891545,0.8663553,0.9010668,0.8669303,0.9451012,0.8481107,0.9328194,0.9206108,0.9124144,0.8735554,0.905803,0.8380819,0.8434294,0.8265367,0.8714686,0.7907174,0.8922032,0.8100783,nan
2,1744,1254320,26,202915,0.8009544,1.4276119,0.8569833,0.7855215,0.7157544,0.694936,0.7428382,0.6715887,0.6897344,0.6399111,0.6738525,0.6634929,0.6506196,0.5754194,0.6299163,0.6092489,0.5968546,0.6421945,0.5891276,0.571682,0.6327514,0.6045001,0.5903103,0.6021056,0.5855243,0.618008,0.5990562,0.6450449,0.6413711,0.5934332,nan
2,1745,59193,40,6841,0.0733415,0.0533127,0.0532512,0.047338,0.0482865,0.046011,0.0457209,0.0467391,0.0454083,0.045145,0.0482329,0.0454284,0.0472784,0.0414199,0.0438604,0.0464715,0.0476437,0.0420225,0.0468354,0.047209,0.0419245,0.0521014,0.0454506,0.0509718,0.044954,0.0442562,0.0463725,0.0477417,0.0482141,0.0434165,nan
2,1746,1771098,15,410323,0.9247025,1.7243624,1.1033577,1.013472,0.8834894,0.8677221,0.825033,0.7813239,0.791129,0.7940823,0.786585,0.909608,0.7776053,0.769158,0.7468294,0.8704228,0.755412,0.7165461,0.739174,0.7256753,0.8089793,0.7254007,0.7178931,0.7237934,0.8509457,0.7307281,0.7253351,0.7109227,0.682853,0.7168811,nan
2,1766,725960,80,42328,1.0622798,0.8388525,0.779855,0.6233437,0.5993306,0.5972219,0.6272246,0.5742772,0.5861554,0.5840475,0.5591326,0.5650094,0.5453638,0.5457537,0.5348302,0.5417026,0.5373086,0.5354545,0.4984303,0.5556194,0.4910389,0.500759,0.5466375,0.4955747,0.5492963,0.5614653,0.5025274,0.5145135,0.5502838,0.5220969,nan
2,1769,1241695,55,100906,1.2366787,1.4680637,1.0259407,0.9440394,0.9904403,0.8407367,0.8334677,0.7759804,0.8479133,0.831317,0.7733855,0.7861358,0.7273229,0.8170692,0.8158345,0.7573112,0.7825943,0.7312594,0.7758188,0.747368,0.7761677,0.7226967,0.7330189,0.8291984,0.7304811,0.7389593,0.7027233,0.7742157,0.7048321,0.720893,nan
2,1777,1804095,40,190024,0.7765473,1.1243832,0.7689463,0.6675766,0.6431533,0.6569194,0.5841535,0.5516656,0.6416414,0.7038174,0.5344394,0.5237235,0.614361,0.5151452,0.4980171,0.5051355,0.4890174,0.4961742,0.7158191,0.7784951,0.5633306,0.494294,0.5001844,0.5000111,0.4961996,0.4852483,0.5502594,0.5013286,0.5845877,0.6751964,nan
2,1789,1131805,98,53440,1.8216341,1.5040097,1.2046055,1.1134915,1.0892457,1.0701143,1.0147415,1.0246581,0.9797496,0.9792539,1.0754518,0.8853975,0.9468405,1.0077245,0.9181264,0.9749041,0.958231,1.0406556,0.9248843,1.0483711,0.9346771,1.0219749,0.9697399,0.9949026,0.9040074,0.988666,1.0399149,0.9007037,0.9504309,0.9050901,nan
2,1832,1890527,70,119116,1.2085551,1.3125837,0.8685752,0.8094184,0.752975,0.7847167,0.7194116,0.715513,0.6751757,0.7253843,0.7111329,0.7137236,0.645131,0.6746585,0.610661,0.8770965,0.8445891,0.5911644,0.5988096,0.6275022,0.6016082,0.6154547,0.6106882,0.5904346,0.5992215,0.7219302,0.8310783,0.8167779,0.5933222,0.5793184,nan
2,1838,1240447,15,312967,0.7332321,1.4207552,0.80818,0.7634988,0.6273957,0.6657364,0.6121277,0.6270304,0.6392022,0.5777871,0.6142769,0.5601839,0.6397672,0.5595154,0.5496162,0.5798857,0.5598386,0.5764244,0.5683955,0.5275107,0.5384318,0.5609911,0.5548158,0.530829,0.5557318,0.5314982,0.5377028,0.5419184,0.5281046,0.5633354,nan
2,1847,53438,25,9103,0.0368361,0.0267885,0.0267192,0.0267223,0.0241528,0.0242021,0.0237208,0.0250486,0.0243814,0.0254455,0.0256956,0.025692,0.0259382,0.0249478,0.0246302,0.0233002,0.0253636,0.0229941,0.0228893,0.0230168,0.0231001,0.0242431,0.024668,0.0205957,0.0194956,0.0199232,0.0200045,0.0211155,0.0216969,0.0201906,nan
2,1852,842669,49,77674,0.891697,0.826168,0.6597212,0.6122688,0.5874254,0.542051,0.5572289,0.6350693,0.5546696,0.5154062,0.5182814,0.5475612,0.5025979,0.5390254,0.5149948,0.5126801,0.5210675,0.4812546,0.4389158,0.4918112,0.4895879,0.4847126,0.5181334,0.4984948,0.4595944,0.4685015,0.5380151,0.473314,0.5242066,0.466389,nan
2,1855,1245084,66,85204,0.7311966,0.7827631,0.6041669,0.5264748,0.5093018,0.5303865,0.4574433,0.449099,0.4281977,0.4264509,0.4500536,0.4446636,0.4244086,0.4186263,0.4049501,0.4180268,0.452447,0.4312371,0.4498933,0.4225423,0.4013969,0.4186622,0.4035274,0.4135155,0.4236228,0.4185586,0.3985715,0.4150493,0.3803479,0.4066857,nan
2,1855,1643639,17,355750,0.9297365,1.5648841,1.1114975,0.8651209,0.8083135,0.8004589,0.749646,0.7768318,0.7067909,0.7083273,0.5881773,0.761692,0.7012633,0.7021352,0.677792,0.6838907,0.7040205,0.645282,0.7207281,0.6637745,0.6998994,0.6117024,0.6807659,0.7977787,0.6445892,0.6543719,0.6588843,0.5865698,0.7934414,0.6981407,nan
2,1866,1296750,67,87040,1.7616313,1.7087049,1.178906,1.1806157,1.2199494,1.1555603,1.0762716,0.9335008,0.982997,0.9498889,0.924043,0.9743549,0.9772501,0.9241129,0.9324711,1.0051585,0.9107294,0.917898,1.0273942,0.9388298,0.9500861,0.8861442,0.9387851,0.9471158,0.994337,0.9031912,0.8740889,0.9267017,0.8969181,0.9489486,nan
2,1868,1893828,75,112315,1.0954246,1.1944219,0.906196,0.8981598,0.8043947,0.7090241,0.7764827,0.7523189,0.6957135,0.6522777,0.7667438,0.7030572,0.6945388,0.6409358,0.7180136,0.6792164,0.7068401,0.666057,0.6629892,0.7180306,0.9904715,0.6569118,0.7174397,0.6627535,0.6353313,0.651412,0.6294348,0.6164051,0.6284196,0.625413,nan
2,1884,996727,94,48193,1.6755325,1.2984229,1.084841,1.0565852,0.98051,0.9634042,0.9221513,0.971372,0.918074,0.8937984,0.9116654,0.8963175,0.9668389,0.8364629,0.8716632,0.9136777,0.8591687,0.8506109,0.8403089,0.9974805,1.1115788,1.0434367,0.9696752,0.8202258,0.7639961,0.8619559,0.8254667,0.8400196,0.7890623,0.859765,nan
2,1891,616980,38,73792,0.59571,0.6382677,0.4830683,0.4513989,0.4235902,0.379329,0.3902694,0.3655468,0.3685307,0.3785849,0.3090605,0.3427111,0.3607443,0.3413511,0.3402568,0.3515327,0.3535046,0.3563754,0.3484233,0.341941,0.3497584,0.3575731,0.3383423,0.3567131,0.2928623,0.3427984,0.3355831,0.350913,0.3600672,0.3363988,nan
2,1891,712224,23,135172,0.5447721,0.8273808,0.4995051,0.4478789,0.434285,0.4167809,0.4179564,0.3849154,0.360737,0.3739734,0.3610628,0.3788879,0.3640714,0.3522447,0.3484755,0.3509427,0.3488333,0.3503591,0.34837,0.3454991,0.3354522,0.3747914,0.3369436,0.3450446,0.3313427,0.3478073,0.3523878,0.358354,0.3369539,0.3311026,nan
2,1898,1866122,89,94468,1.4412873,1.5088238,1.0325264,0.8892302,0.9308329,0.8300494,0.8088715,0.7532158,0.7825288,0.837559,0.7477203,0.7209395,0.8829065,0.7202733,0.7219181,0.80238,0.7345116,0.784338,0.7106163,0.7945669,0.7272441,0.7432529,0.6962207,0.7070041,0.6772408,0.7996976,0.6833016,0.6803723,0.7638233,0.911285,nan
2,1901,1669834,16,367891,0.9203342,1.7175462,1.214088,1.0600585,0.8706493,0.7709967,0.8225996,0.7918875,0.7548223,0.7148301,0.718643,0.717839,0.7787736,0.7305101,0.6952232,0.704422,0.6984758,0.7156412,0.7367271,0.8917834,0.6636512,0.6908924,0.6849039,0.6819861,0.7041531,0.6927614,0.6948942,0.6900721,0.6912338,0.671233,nan
2,1917,1424123,35,171202,0.6048,0.7967807,0.6222371,0.5254315,0.4770193,0.4622515,0.4469157,0.4242521,0.4196348,0.4119161,0.4187831,0.413764,0.3848337,0.4004085,0.387769,0.3857237,0.3901206,0.3900456,0.4104961,0.4053497,0.4046935,0.3747969,0.3989982,0.3729286,0.3910734,0.4616669,0.3861672,0.3766344,0.363313,0.3822613,nan
2,1944,911342,53,75505,1.0572286,1.0141287,0.8223439,0.7498869,0.6906093,0.6357764,0.6101399,0.6706702,0.5995792,0.5970061,0.606874,0.5654011,0.5892909,0.5414213,0.6010246,0.5738997,0.6304761,0.6176598,0.6297298,0.6229174,0.5108505,0.5927443,0.540318,0.5914432,0.6302248,0.5818342,0.561018,0.5809043,0.5596247,0.5526375,nan
2,1955,1291154,22,237577,0.7969136,1.3814112,0.8561493,0.7479023,0.7158599,0.698219,0.707672,0.6720192,0.6417093,0.6389702,0.6456633,0.6094973,0.6281904,0.6258558,0.6100463,0.6443304,0.6686592,0.5962608,0.6078725,0.6215193,0.6085686,0.6165027,0.5728031,0.704979,0.599453,0.5910253,0.5907568,0.6140252,0.6941313,0.5765293,nan
2,1958,1072760,30,155950,0.84356,1.1445238,0.8158688,0.7296501,0.6978262,0.6480364,0.6922623,0.6486176,0.6653866,0.6259588,0.6137862,0.5945205,0.6246837,0.5971296,0.6064885,0.635921,0.6133028,0.56959,0.6236598,0.5656034,0.6027789,0.5431709,0.5629448,0.60448,0.5696386,0.568016,0.5831541,0.6165602,0.5758187,0.6084684,nan
2,1983,1164466,49,107377,1.1755007,1.4207237,0.8938922,0.8795099,0.7796809,0.7769462,0.8433364,0.7212463,0.7880355,0.7049447,0.6881744,0.7213414,0.7490298,0.7021488,0.7453233,0.6883452,0.7393551,0.672425,0.6961678,0.6837925,0.6572268,0.6620598,0.702669,0.6474089,0.6998609,0.646583,0.7194568,0.698674,0.6221189,0.7029368,nan
2,1990,1255657,48,117124,0.6664524,0.702628,0.5386811,0.4546949,0.4474502,0.423062,0.4116968,0.4120341,0.3913514,0.5525109,0.5856665,0.3980698,0.388658,0.388701,0.3775042,0.3823625,0.3918592,0.3883068,0.3968678,0.4725304,0.3807857,0.3676155,0.3684149,0.3688649,0.3700335,0.3887203,0.3824272,0.3646539,0.3698598,0.3778572,nan
2,1993,1197277,100,55387,1.8978932,1.5704402,1.2541102,1.360878,1.1851074,1.1431215,1.104271,1.0780266,1.0856853,1.0706444,1.0656371,0.9433116,1.0690834,1.0984717,0.9916641,1.0992159,1.0157754,1.016689,0.9829637,0.9303032,1.0056304,1.0091286,1.0908681,1.013888,1.0377156,0.9602343,1.0431021,1.0776284,0.9920737,0.9704603,nan
2,2000,907643,43,89212,0.4927551,0.5173256,0.409106,0.3607505,0.3578294,0.3757045,0.3284652,0.3349372,0.3741032,0.3106819,0.3063881,0.3310509,0.3298232,0.3650744,0.3093839,0.2966786,0.2883789,0.2901119,0.2965381,0.3023782,0.2914571,0.28523,0.3652719,0.297279,0.288926,0.2790628,0.2734522,0.2816344,0.2789139,0.2829926,nan
2,2003,973238,42,97351,0.9865887,1.0842842,0.7694258,0.728493,0.7218474,0.6556102,0.5687691,0.6501914,0.6512389,0.6436376,0.6051148,0.6517936,0.6025541,0.5348543,0.6415687,0.6505433,0.6028714,0.6674409,0.5601975,0.5874651,0.5896328,0.5853189,0.5812762,0.5784544,0.5788101,0.6524636,0.6244688,0.5928401,0.5997801,0.5733812,nan
2,2011,1652181,58,126007,0.9659948,1.1405442,0.8652473,0.7439291,0.6463685,0.7150995,0.5985594,0.580676,0.6042704,0.7979976,0.73894,0.5875041,0.6615624,0.5731845,0.5558313,0.5769795,0.7759425,0.8207485,0.7792218,0.6945309,0.5373526,0.5522837,0.5294437,0.5553202,0.5540995,0.5292967,0.5600017,0.6508083,0.5410584,0.5742715,nan
2,2027,722486,95,35473,1.4364782,1.0286907,0.7944379,0.7048051,0.77151,0.7026302,0.6897504,0.709161,0.6933184,0.6799103,0.6544674,0.6135926,0.6832009,0.6191626,0.6406604,0.6419164,0.6345096,0.6303631,0.6317451,0.6492496,0.675636,0.6347865,0.5874798,0.6497746,0.6054656,0.6162332,0.6253219,0.5438306,0.6019394,0.5902651,nan
2,2040,1283907,32,168637,1.0311078,1.4426337,0.9565705,0.8552212,0.8350585,0.7510406,0.7364495,0.7669548,0.7614484,0.6985101,0.6045242,0.6700462,0.6599373,0.6796984,0.7476746,0.7042066,0.6417604,0.6776353,0.6564358,0.665327,0.7393714,0.6710236,0.6659441,0.6621712,0.676813,0.7173144,0.6158209,0.6347185,0.7129239,0.6662449,nan
2,2059,1123243,68,75235,1.4898031,1.2358534,1.0765444,0.9744609,1.0303131,0.8628797,0.7977383,0.8119292,0.8182755,0.8893449,0.8494123,0.8001433,0.8438425,0.7864698,0.7928524,0.814185,0.8570475,0.7523512,0.7630245,0.8117361,0.8250529,0.8687406,0.689541,0.8178777,0.7433556,0.752156,0.8537795,0.7196956,0.817672,0.7606843,nan
2,2066,349978,39,40771,0.4418153,0.3612771,0.2835286,0.2973419,0.2802833,0.2483997,0.2454823,0.2302867,0.2448147,0.2222471,0.2433332,0.2058763,0.2313474,0.2531956,0.2504271,0.2521309,0.2389827,0.2398805,0.2338086,0.2197802,0.2243619,0.2316827,0.2347525,0.2141596,0.2512765,0.2226906,0.2282679,0.2264156,0.2518284,0.2354501,nan
2,2069,1307795,97,62509,1.0401711,0.9035632,0.7368877,0.6509022,0.6805849,0.6153305,0.6866957,0.5950106,0.6218653,0.5319071,0.6007972,0.5753932,0.5300637,0.5782803,0.5628155,0.6269713,0.5606243,0.5412644,0.5375783,0.5102839,0.5316358,0.5139383,0.5764086,0.5286671,0.5106878,0.5420201,0.5357023,0.4930038,0.5512624,0.4938587,nan
2,2072,937025,48,84601,0.5469895,0.5813926,0.4024629,0.3586705,0.3551677,0.3342301,0.3040951,0.3154097,0.3144145,0.3016945,0.3128221,0.3058664,0.2974672,0.3030539,0.3043109,0.324865,0.3311385,0.2988304,0.2982218,0.3000317,0.2932792,0.2971902,0.2971434,0.293331,0.2835041,0.2861163,0.2931951,0.2955201,0.2893396,0.2886721,nan
2,2073,650854,73,40939,1.0801562,0.8942692,0.6513955,0.6525574,0.6226148,0.6135623,0.5746561,0.5954984,0.612719,0.5536483,0.5736278,0.5034062,0.5442599,0.5079483,0.5691486,0.5696081,0.5301317,0.5336263,0.4765738,0.5695142,0.5230122,0.5395819,0.4891831,0.5020683,0.5203698,0.49176,0.5364789,0.530258,0.468365,0.5481064,nan
2,2074,829829,10,311374,0.3002938,0.5601633,0.3464869,0.2857717,0.2510797,0.2751172,0.2645146,0.2544007,0.2489573,0.2359989,0.3210027,0.2360933,0.2268655,0.2235985,0.2275103,0.2421303,0.2522253,0.2369787,0.2360129,0.2240199,0.2237756,0.2226188,0.225797,0.2225904,0.2231612,0.2327532,0.212327,0.2221337,0.3255074,0.2174283,nan
2,2081,361202,76,21808,0.2864589,0.1915363,0.1773355,0.1738214,0.1558104,0.1480562,0.144842,0.1396355,0.1382885,0.14712,0.1635809,0.1548317,0.1490118,0.1502477,0.1424904,0.1306406,0.1354954,0.1287834,0.1345584,0.1206092,0.1304104,0.1241915,0.1341749,0.1322731,0.1290696,0.1295763,0.1221401,0.1266019,0.13346,0.1331065,nan
2,2097,1282537,83,72052,1.8673241,1.8501829,1.2147036,1.2563304,1.1227588,1.1492304,1.044853,1.0297484,1.0305803,1.0970859,1.0009307,1.0545267,0.971145,1.0816139,1.0846737,1.0247306,1.0703666,0.9936977,0.9703915,1.0780045,0.9798405,0.9640972,1.0088484,0.9263524,1.0873562,1.0481824,0.9335231,0.9764446,0.9346362,0.9882539,nan
2,2106,254843,49,23722,0.3471427,0.2366167,0.2022784,0.197606,0.1908002,0.1901902,0.1827512,0.1816266,0.1807401,0.1016359,0.1727616,0.1757116,0.2151369,0.1766084,0.1755573,0.1713434,0.1822454,0.1745456,0.1758822,0.1881137,0.1776277,0.1803739,0.1769238,0.1832154,0.2084064,0.1762488,0.1918434,0.1718069,0.1693604,0.1653829,nan
2,2110,436977,44,43465,0.5312055,0.5066732,0.3637019,0.3595895,0.3450192,0.3451203,0.328987,0.305894,0.3246242,0.3380924,0.3249066,0.3109366,0.3260701,0.3005358,0.3148805,0.3099033,0.3010629,0.2991878,0.30765,0.3138031,0.3135141,0.2882364,0.319106,0.3000018,0.2985167,0.3067489,0.2514562,0.30855,0.2612573,0.3132846,nan
2,2117,159518,96,7762,0.1721646,0.1137147,0.1302171,0.0790333,0.0683644,0.0757114,0.0698485,0.0832703,0.0665031,0.0721826,0.0744208,0.0723588,0.0716347,0.0700138,0.0650986,0.0736001,0.0681753,0.06013,0.0659647,0.0680396,0.0816598,0.0616613,0.0671426,0.0693534,0.072523,0.0707796,0.0650711,0.0705973,0.0614697,0.0675497,nan
2,2123,423549,38,49390,0.4849589,0.414966,0.3585714,0.3024583,0.2924035,0.2748514,0.2660012,0.2731833,0.1620798,0.2736249,0.2810579,0.2770828,0.2455011,0.2492796,0.2642866,0.2650222,0.2561427,0.2606326,0.2467717,0.262434,0.1726176,0.2611596,0.220054,0.2590306,0.2517242,0.2489306,0.2532595,0.2656881,0.2621731,0.2609364,nan
2,2126,1576417,60,116428,1.8854562,1.768206,1.3921656,1.2855246,1.2410962,1.1568025,1.120925,1.079489,1.0926521,1.0561972,1.1637551,1.0983693,1.044778,1.0678469,1.016712,0.9673926,1.031159,1.1296195,0.9038473,1.0793452,0.9676106,1.0659046,0.9800922,1.0965224,1.0217763,1.0290654,1.0207515,1.0446958,0.9826572,1.171424,nan
2,2142,596766,41,66370,0.355126,0.3479621,0.2653373,0.2211934,0.2132118,0.2136274,0.2061805,0.193317,0.1993368,0.1898804,0.1873438,0.1851932,0.1968711,0.1821926,0.1828895,0.1848691,0.1844402,0.1738995,0.1689565,0.1803783,0.1872565,0.1768537,0.1764394,0.1872833,0.1709933,0.1729317,0.1712687,0.162121,0.1841758,0.1791994,nan
2,2149,1898158,58,141676,1.079169,1.236709,0.8830705,0.8271977,0.796013,0.7705264,0.7712156,0.716262,0.7248429,0.664824,0.7337917,0.6809823,0.6523834,0.6755051,0.6494336,0.6357419,0.6402723,0.6586966,0.598557,0.590475,0.5774277,0.8263689,0.8236542,0.5979349,0.6283193,0.6388396,0.6078449,0.8127449,0.7781245,0.7313377,nan
2,2156,877030,65,62383,1.176167,1.1233534,0.8066123,0.7663934,0.7162452,0.7002732,0.7332947,0.6248133,0.66156,0.6099326,0.6548032,0.592057,0.6208342,0.5545093,0.6298572,0.6643931,0.591305,0.6653481,0.6991458,0.6594338,0.4067625,0.6436229,0.6038602,0.6696192,0.5388319,0.6067251,0.5720418,0.6059246,0.6061058,0.5946001,nan
2,2211,1658500,80,96187,2.5810737,2.5994881,1.6993806,1.6423263,1.6751315,1.3708411,1.3400049,1.39743,1.270003,1.2399472,1.2481111,1.2889799,1.293028,1.5335984,1.3305979,1.3104728,1.400054,1.296258,1.3090849,1.2522272,1.2416791,1.3520537,1.1828192,1.2759595,1.4036974,1.5142425,1.3548118,1.2344545,1.3393995,1.2792597,nan
2,2214,950276,80,53257,1.4400536,1.2967743,1.0615841,1.0203558,0.8323227,0.8479712,0.8622889,0.8488373,0.8530676,0.8262002,0.8062977,0.8491564,0.871822,0.7666436,0.8243075,0.7849941,0.7895804,0.8025634,0.7798215,0.831114,0.7760945,0.7019595,0.751487,0.7374331,0.7640864,0.7000665,0.7527262,0.8181382,0.7324508,0.7494663,nan
2,2219,1908503,42,190417,1.8136966,2.101491,1.5083987,1.3418647,1.2993526,1.1832607,1.1813672,1.0965554,1.2196085,1.0870701,1.1361925,1.0234896,1.1435426,1.1066312,1.0683941,1.0782424,1.3689903,1.2026117,1.0558046,1.2064446,1.0563526,1.0272654,1.096368,0.9893472,1.1209819,1.2013047,1.163766,1.0141095,1.0866095,0.883867,nan
2,2233,1526460,80,88615,2.0700473,2.0578257,1.6992375,1.3570243,1.3882175,1.3557548,1.2708113,1.2038509,1.1205283,1.1469543,1.2502529,1.236748,1.2762713,1.1247302,1.2516399,1.1672407,1.1653923,1.2165217,1.2455765,1.2011636,1.1239315,1.1861044,1.2031857,1.0872094,1.2331717,1.267621,1.1393076,1.2352947,1.124976,1.2102064,nan
2,225,618557,38,71125,0.1807578,0.1571095,0.1361114,0.1280161,0.1282969,0.1164583,0.113551,0.1116849,0.1092959,0.1061526,0.1173007,0.1119849,0.1139112,0.1064643,0.1013282,0.1097999,0.1113638,0.0921205,0.1024108,0.0956364,0.101736,0.0998308,0.1033919,0.099838,0.0993903,0.1042479,0.1002327,0.0838472,0.1021901,0.0555564,nan
2,2263,1059261,59,82897,0.6624701,0.7560773,0.4940957,0.4763,0.4450624,0.4037747,0.4083903,0.4542002,0.3749966,0.4228003,0.4074257,0.3806817,0.3896211,0.3876162,0.3576679,0.3676822,0.3662197,0.3762832,0.4368553,0.3460482,0.373135,0.3606758,0.3668866,0.3598981,0.5245939,0.5066085,0.505785,0.3579616,0.3610609,0.3501361,nan
2,2270,1345965,55,107887,1.5243976,1.514977,1.2285303,1.0982432,0.9675591,1.012544,0.9312298,0.9603575,0.9242706,0.9525248,0.9022063,0.8589185,0.9523681,0.9076381,0.9334379,0.8435751,0.8891738,0.8379935,0.8661438,0.835279,0.8386614,0.9136707,0.8495499,0.8924606,1.0118274,0.8711121,0.9014256,0.8348384,0.8794181,0.9062703,nan
2,2272,590641,29,91726,0.5863311,0.6428046,0.4749043,0.4297547,0.4215273,0.4243902,0.4272934,0.3832676,0.3961229,0.3533411,0.401371,0.4142483,0.3850938,0.370519,0.3806804,0.4012719,0.3476235,0.3669542,0.3332387,0.3212351,0.3289626,0.2981059,0.3134442,0.368725,0.3144206,0.3275717,0.3320039,0.3162297,0.3351875,0.3356925,nan
2,2279,1014708,32,136960,0.8288223,1.1642412,0.7566479,0.7191138,0.6725828,0.6336745,0.6510338,0.6502945,0.6045538,0.6955448,0.7151752,0.5918069,0.5824185,0.5572714,0.5478169,0.5864105,0.5569599,0.6071957,0.5858214,0.5493547,0.581999,0.5559357,0.5625777,0.5587653,0.5279333,0.5434172,0.5400818,0.5472463,0.5590384,0.6269496,nan
2,229,1406489,65,95713,0.2744903,0.202652,0.2011545,0.1894269,0.1780107,0.1805796,0.1742974,0.167736,0.1678091,0.1737833,0.1634152,0.1690976,0.1589718,0.1603752,0.1580343,0.2162695,0.1636708,0.1655358,0.1539943,0.1555721,0.1546296,0.1556443,0.1514087,0.1524334,0.1549818,0.1439803,0.1553619,0.1610468,0.1646844,0.1528891,nan
2,2290,598010,77,36232,0.9644801,0.7860203,0.675402,0.5892294,0.6018197,0.539608,0.4878965,0.4789655,0.5140305,0.5453799,0.4606383,0.4976914,0.4208292,0.4912179,0.4841595,0.486473,0.331927,0.4475042,0.4907692,0.4829288,0.4638904,0.4498164,0.4849432,0.5012673,0.4901247,0.471372,0.4896389,0.4658982,0.4708638,0.4490169,nan
2,2294,38911,79,2350,0.0806927,0.0447933,0.0428095,0.0413619,0.0383464,0.0386942,0.0379632,0.0373372,0.0371057,0.0375257,0.0388443,0.0379379,0.0343745,0.0365049,0.0366905,0.0361244,0.0376032,0.0385173,0.0359687,0.0381863,0.0382295,0.0298675,0.0197585,0.0229579,0.0340261,0.0341139,0.0321937,0.0329922,0.0334011,0.0325071,nan
2,2297,233236,14,66670,0.2211044,0.2634373,0.1628858,0.1198416,0.151049,0.1496153,0.1514722,0.1427488,0.1418513,0.139736,0.1389863,0.1407764,0.1444062,0.1364166,0.1586173,0.132663,0.136706,0.1384964,0.140173,0.1368264,0.1371415,0.1381534,0.1357569,0.135219,0.1318442,0.1373805,0.1347729,0.1552515,0.1340334,0.1354833,nan
2,230,1697024,69,109696,0.5335244,0.5276621,0.3861745,0.3427334,0.3334623,0.3363145,0.3242012,0.3139371,0.3379512,0.319779,0.3030095,0.4132819,0.3040743,0.2914187,0.2959904,0.3122492,0.3034944,0.2848102,0.2814936,0.2988784,0.2816735,0.2786678,0.2846716,0.2914044,0.3048231,0.3130103,0.3376332,0.4422782,0.2823025,0.3620174,nan
2,2304,436069,76,26251,0.3591603,0.2633115,0.2357905,0.2186761,0.2057449,0.2009995,0.1887206,0.1799674,0.1964528,0.1947392,0.2065282,0.1979785,0.1984764,0.1976341,0.1813831,0.1841267,0.1678198,0.1815296,0.1779993,0.1733731,0.157932,0.1777391,0.1667228,0.1773626,0.1996624,0.1677238,0.1715735,0.1691411,0.1854395,0.1893416,nan
2,2306,105620,46,10654,0.077649,0.0502914,0.0447789,0.0398286,0.0400183,0.0399467,0.043826,0.0379274,0.0372083,0.0394454,0.0409604,0.0376966,0.0376578,0.0396973,0.039881,0.0380954,0.0364361,0.039513,0.0394523,0.0378051,0.0369073,0.0386438,0.0412356,0.0373834,0.0368315,0.0397324,0.0395968,0.0378137,0.0387027,0.0387356,nan
2,2318,522266,13,152278,0.455834,0.6203511,0.4174899,0.343585,0.3254527,0.2940509,0.3256825,0.2843183,0.2916173,0.2820105,0.2854197,0.2826773,0.2761106,0.2739259,0.2829552,0.264868,0.2967154,0.2699189,0.2723221,0.2590941,0.2728517,0.2635264,0.2680986,0.2695367,0.2669364,0.2702699,0.2617654,0.2692343,0.2594686,0.2658492,nan
2,2323,374447,80,21886,0.6935495,0.4608578,0.4477024,0.4299919,0.4229203,0.4021895,0.4046718,0.3807013,0.3892847,0.4131554,0.3599421,0.4009942,0.3609575,0.3009971,0.3383386,0.354704,0.3200457,0.3311314,0.3137255,0.3801407,0.3561061,0.301156,0.3217122,0.3158613,0.3473124,0.3854873,0.3396386,0.3470432,0.3230041,0.3062076,nan
2,2338,832667,52,73207,1.0669344,1.0076706,0.7444688,0.6972904,0.6600327,0.6862039,0.5387065,0.6195216,0.6388879,0.6691397,0.5962141,0.6099654,0.6164299,0.6125742,0.5956706,0.6304677,0.5876298,0.680231,0.5971207,0.6232639,0.5733521,0.6410333,0.5380619,0.5397417,0.5952254,0.5745784,0.6068736,0.5986066,0.5753708,0.580141,nan
2,2339,788345,58,60658,1.031031,0.9972848,0.8027391,0.8073238,0.6232239,0.6682832,0.6154604,0.643067,0.6031703,0.6024042,0.4869768,0.6403371,0.6625918,0.5991503,0.5683132,0.599127,0.5659117,0.5477175,0.5889474,0.5968048,0.5591753,0.5556027,0.5387993,0.541272,0.5757331,0.5683323,0.6014025,0.5930923,0.5562934,0.5433102,nan
2,237,1027451,28,144154,0.2454856,0.2032196,0.1686504,0.1633232,0.1532735,0.1560369,0.1530396,0.1465481,0.1573564,0.135111,0.1405877,0.2203264,0.1469233,0.1479063,0.1562924,0.1405278,0.1402695,0.1444626,0.1392545,0.1414878,0.1373729,0.1445773,0.1345555,0.1451291,0.1454282,0.1486398,0.1406264,0.1357174,0.140088,0.1306071,nan
2,2380,1150670,36,140002,1.1188632,1.3019535,0.9486462,0.8576418,0.74132,0.7885815,0.751944,0.7753886,0.7098221,0.7539556,0.6760013,0.6934195,0.7732737,0.7032131,0.728839,0.784187,0.6293916,0.8066873,0.8793939,0.7820203,0.6830483,0.66841,0.6991525,0.6701746,0.6251082,0.6896805,0.7296292,0.7089089,0.6860591,0.6916202,nan
2,2382,1231392,58,96103,0.8427474,0.8301678,0.7169522,0.522377,0.5553515,0.5214672,0.6958458,0.660416,0.5870672,0.4596976,0.4884548,0.4800259,0.4507369,0.4740702,0.4715142,0.4440305,0.4469163,0.4424298,0.4455537,0.481791,0.4590108,0.4360766,0.4542487,0.4425536,0.4383284,0.4460189,0.5571131,0.4331557,0.4449152,0.4449905,nan
2,2385,1295330,64,91297,1.7994384,1.8653496,1.2979605,1.122601,1.1696034,1.2667974,1.0561859,1.1357452,0.9936002,1.0180628,0.9286933,0.9926285,0.9977432,1.0196709,0.9467124,0.9990348,0.9231019,0.9657253,1.0693671,1.0153902,0.9429309,1.0728596,0.9188165,0.9724701,0.8837319,0.9202459,1.0651682,0.932406,0.9462191,0.9633363,nan
2,2392,1231634,96,60160,2.3232675,1.9205991,1.3668563,1.2374977,1.2238369,1.1893208,1.0965492,1.1328598,1.0812138,1.1318684,1.1660966,1.1082395,1.101747,1.0808964,1.2339236,1.0058375,1.1270929,1.0143533,1.0081066,1.1138942,1.0837594,1.053832,1.0270352,1.0628891,1.0883498,1.0452642,1.0125279,1.099965,1.1416665,1.0214255,nan
2,2392,805540,26,124783,0.7354187,1.0391879,0.6366852,0.5780068,0.5027874,0.5859426,0.5021506,0.4801083,0.4864014,0.4880215,0.4809975,0.5221593,0.5705903,0.503218,0.4779116,0.4452261,0.4883229,0.5474077,0.4852481,0.5131252,0.4991519,0.4406225,0.4661256,0.4708016,0.4035813,0.4623117,0.472537,0.4523744,0.4689819,0.4585613,nan
2,240,1129561,51,99502,0.2163626,0.1723153,0.1504891,0.1460299,0.1442106,0.1363777,0.1419902,0.1353346,0.1271786,0.1324189,0.1324836,0.1385008,0.1287228,0.1435805,0.1334068,0.1308241,0.1289656,0.1294874,0.1208799,0.1156698,0.1242331,0.118333,0.1455991,0.1680404,0.1581711,0.131902,0.1238215,0.1235275,0.1232245,0.124704,nan
2,2404,1912527,30,246088,1.508354,2.3565143,1.4727051,1.4156412,1.2025562,1.1984426,1.1172074,1.118096,1.0608762,1.1109392,1.080964,1.0842393,0.9794351,1.1440226,1.014971,0.9590764,1.1143866,1.2663398,0.9552029,1.0633303,1.0043948,1.178276,0.9625242,0.9828603,1.0260644,0.9570556,0.9783642,0.9598949,1.0032096,0.9725647,nan
2,2408,1195931,88,62848,1.0710793,0.8649221,0.6903782,0.6670392,0.6033841,0.6506145,0.6370666,0.593025,0.5582114,0.5323433,0.5920291,0.5591336,0.5969994,0.6051907,0.5564391,0.5221921,0.5515554,0.5530059,0.5331297,0.5752871,0.5474488,0.6133279,0.525278,0.5281186,0.5212085,0.5345256,0.5588437,0.488328,0.5368642,0.5939138,nan
2,2417,513730,23,84532,0.4979486,0.5366315,0.4293995,0.3878684,0.3373012,0.3395208,0.3150544,0.3292753,0.3137621,0.3030941,0.320788,0.3076391,0.3155241,0.3097115,0.3151245,0.3117757,0.3103235,0.3083443,0.2962719,0.2944331,0.3007873,0.3126305,0.3116672,0.295617,0.286657,0.3052845,0.2989281,0.303728,0.2701429,0.2855384,nan
2,2422,1309400,47,126712,1.3626712,1.5275518,1.1570729,0.9265323,0.8597961,0.9351948,0.8649149,0.848352,0.8476594,0.8567432,0.7104802,0.8564719,0.8029744,0.7987972,0.8028165,0.7405635,0.8355803,0.8611955,0.7693178,0.8218614,0.763636,0.7717478,0.7367407,0.7903426,0.7588162,0.8124203,0.8153846,0.741217,0.7826388,0.7479469,nan
2,2430,1264374,39,146938,1.2144453,1.441996,1.0202454,0.9077772,0.911321,0.8038787,0.8226187,0.7703031,0.8254649,0.7584734,0.6646989,0.8051589,0.7572769,0.7313184,0.7358497,0.7176098,0.7082712,0.6848704,0.7278643,0.733579,0.77395,0.7130258,0.7513199,0.6974309,0.7564776,0.6938281,0.7009835,0.7476796,0.7256167,0.7653078,nan
2,2434,742425,44,74161,0.4368682,0.4544136,0.3258302,0.3326958,0.288825,0.2601083,0.2681957,0.254262,0.2649962,0.2600726,0.2620825,0.2629579,0.2637697,0.2521452,0.2486403,0.2421977,0.2502449,0.2564848,0.2548826,0.2460823,0.2493125,0.2380263,0.2447941,0.2325314,0.2452341,0.2343328,0.2477072,0.2398203,0.2509353,0.2481936,nan
2,2434,773969,45,75325,0.9217682,0.8804839,0.5923013,0.6413936,0.6025562,0.5811162,0.5960028,0.5688854,0.544274,0.5667614,0.5426945,0.5578943,0.4755055,0.5335582,0.539897,0.5357272,0.5406785,0.5463633,0.5502897,0.4969508,0.4617909,0.5295286,0.5451109,0.5146861,0.4395687,0.5473278,0.5273038,0.5633997,0.5282359,0.528194,nan
2,2441,319940,46,32254,0.4319547,0.3957813,0.2921236,0.236296,0.2415757,0.2329756,0.1966614,0.2130459,0.2269912,0.2051664,0.2264555,0.2154455,0.2327547,0.228816,0.2185247,0.2145146,0.1970553,0.2108277,0.1903984,0.2208261,0.2023668,0.214404,0.2276659,0.1881666,0.2149657,0.2202616,0.2248822,0.2230486,0.2254371,0.2279392,nan
2,2449,663023,93,33043,0.6483516,0.4880556,0.3911246,0.3490907,0.3539964,0.321849,0.331922,0.3230743,0.3179006,0.2889472,0.3342343,0.320609,0.3378749,0.3074608,0.3167155,0.28249,0.296736,0.2874851,0.2949688,0.2907372,0.2732886,0.2746835,0.2828799,0.3041683,0.3410502,0.3005936,0.3184591,0.2841325,0.2986878,0.3047199,nan
2,2455,1421405,65,100771,2.0568353,2.0390196,1.4225381,1.3801321,1.3126598,1.2015748,1.2687758,1.124476,1.2323992,1.0692669,1.1970701,1.1375322,1.0100186,1.0399359,1.1078094,1.1531792,1.0508976,1.0085538,1.1589114,1.0478037,1.0030841,1.0688822,1.062786,1.0343731,1.0606098,1.0764744,0.9936976,1.0555004,1.02834,1.0059337,nan
2,2458,44383,64,3238,0.04902,0.0263119,0.0254217,0.0242434,0.023624,0.02314,0.0234145,0.0234498,0.0223648,0.0224679,0.0222681,0.0221099,0.0227979,0.0222762,0.0213252,0.0234903,0.0221965,0.0221466,0.021038,0.0223538,0.0215759,0.0216721,0.0204538,0.0216826,0.0207582,0.0200464,0.0219535,0.0221658,0.0210614,0.0222189,nan
2,2463,312958,50,28918,0.2477038,0.1977731,0.1208181,0.1291064,0.1244718,0.1228142,0.1249063,0.119873,0.1168952,0.1154694,0.1042867,0.1064654,0.1093425,0.1095841,0.1095447,0.1083188,0.1045572,0.1092755,0.1063499,0.1052322,0.1036678,0.1010541,0.1019284,0.1089254,0.1056986,0.1064144,0.1032026,0.100009,0.1010512,0.1001668,nan
2,2469,1711290,69,111013,2.1959732,2.7322349,1.9466616,1.6662629,1.5251342,1.4099432,1.3513162,1.4829554,1.3593938,1.3730051,1.2613267,1.264441,1.4081571,1.2790747,1.3464009,1.2873264,1.5613602,1.1554646,1.2351024,1.2115482,1.3291613,1.3156625,1.1940438,1.2811312,1.31129,1.2619057,1.2720649,1.2120967,1.2284559,1.1382063,nan
2,2492,1702761,21,306874,1.124377,1.9621099,1.2334406,1.137922,1.0725263,0.9523289,0.969671,0.9356286,0.9118077,0.9100999,0.9041465,0.8666674,0.9865163,0.848604,0.8339655,0.8756801,0.9192182,0.7704799,0.8317272,0.9385771,0.8710743,0.8412231,0.8114586,0.8476382,0.8548899,0.8837927,0.8271305,0.839127,0.8177624,0.8673329,nan
2,2495,801548,75,48931,1.4018505,1.0135942,0.8724357,0.8430705,0.7688766,0.7560317,0.742868,0.7765876,0.716861,0.7076495,0.7361912,0.7218053,0.5362788,0.7335198,0.7471694,0.6835076,0.7010735,0.6905131,0.70321,0.7325348,0.7323452,0.7021732,0.7207506,0.6795775,0.6723401,0.7103111,0.7088796,0.6506221,0.6814727,0.6687421,nan
2,2497,849996,32,117976,0.4363525,0.5721203,0.3732078,0.2918092,0.3029912,0.2924204,0.2952016,0.2802796,0.2745447,0.2719087,0.2616632,0.2513456,0.2501956,0.2558205,0.2438207,0.2527997,0.2477835,0.24586,0.2534908,0.2530014,0.2480448,0.2499889,0.2464749,0.2566518,0.2450614,0.2350887,0.2456406,0.239295,0.2384007,0.2406631,nan
2,2499,415369,40,44845,0.5311628,0.4820974,0.3853965,0.3050145,0.3003468,0.3211849,0.3257074,0.3117098,0.3094764,0.3066953,0.2879696,0.3418172,0.2988531,0.2613748,0.3222125,0.2797601,0.2875375,0.3027161,0.3129963,0.3116086,0.3215033,0.3196941,0.3086942,0.2789396,0.2972521,0.2662638,0.2699959,0.2897905,0.2877967,0.2980952,nan
2,2501,1373915,85,75307,2.2890254,1.892502,1.5549092,1.3267118,1.2504166,1.3240036,1.3561454,1.3051112,1.2582209,1.3599664,1.4834225,1.2751878,1.188031,1.1404302,1.164771,1.2542317,1.1939269,1.1301335,1.1289636,1.1266533,1.0960165,0.958143,1.1893725,1.1700724,1.1115405,1.2002603,1.0609595,1.0890836,1.171354,1.0743646,nan
2,2504,136054,77,8329,0.2774329,0.1679053,0.1525582,0.143769,0.1604965,0.1453303,0.1366751,0.1305331,0.1311812,0.1296575,0.1359925,0.0861373,0.1149419,0.1133082,0.1122006,0.1103256,0.1097495,0.110136,0.1066305,0.1099803,0.1152473,0.1124558,0.1089964,0.1126146,0.1162936,0.1119173,0.1110449,0.1101365,0.1140913,0.1271408,nan
2,2527,872181,16,222241,0.623593,0.9114574,0.6404614,0.5333804,0.5301364,0.5068087,0.5381034,0.4415392,0.4591014,0.4873364,0.4555771,0.4541628,0.5033427,0.4515092,0.4597907,0.406347,0.4469751,0.4018232,0.4234363,0.4267233,0.4346685,0.4961198,0.4089839,0.4156909,0.4231661,0.4409747,0.4041923,0.4184097,0.4555525,0.4484812,nan
2,2539,762715,66,53386,0.6306597,0.5075442,0.3666587,0.3387157,0.3299046,0.310475,0.2861506,0.2951946,0.2931223,0.282413,0.2927709,0.3001268,0.2815947,0.277905,0.2876766,0.2891289,0.2790599,0.2827208,0.2662974,0.2650125,0.2849232,0.2883842,0.257889,0.2901678,0.2708664,0.2622565,0.2537678,0.2902103,0.2943078,0.2765676,nan
2,256,759636,86,40753,0.4004152,0.3389387,0.2958041,0.2798465,0.2599299,0.2521481,0.2425392,0.174858,0.2264895,0.2427233,0.2355817,0.232876,0.2359639,0.2348998,0.2295572,0.2063854,0.2278522,0.23161,0.2315241,0.2242947,0.1569255,0.2249042,0.2487302,0.2307384,0.2531901,0.2250792,0.2359443,0.2298635,0.2290483,0.2262676,nan
2,258,870190,38,97549,0.3005242,0.2441404,0.2371658,0.1972273,0.2135755,0.1798218,0.1800595,0.1642779,0.1621491,0.1929362,0.1608497,0.1638455,0.1665209,0.1652002,0.1799367,0.1625988,0.1654888,0.1549088,0.1606879,0.1582399,0.1651774,0.168646,0.1656939,0.1732334,0.1816179,0.1646078,0.1541788,0.1295729,0.1641253,0.1886512,nan
2,2584,930944,17,220135,0.6916097,1.1133094,0.6927422,0.6114474,0.5782776,0.4732069,0.5368817,0.5272851,0.5264709,0.5376496,0.4986462,0.4585999,0.5058738,0.4878092,0.4978358,0.4927722,0.5099621,0.4975624,0.488559,0.5024215,0.4872228,0.5141932,0.5155954,0.5286084,0.4787669,0.4773908,0.4852416,0.4744528,0.490675,0.4853118,nan
2,260,659969,21,125008,0.1740529,0.1483299,0.1269146,0.1243934,0.1116972,0.1090564,0.1269176,0.1126008,0.1024831,0.0992741,0.1025332,0.0909198,0.0989819,0.0989688,0.0981841,0.0953622,0.0979592,0.0942144,0.0930207,0.0934853,0.0936482,0.0984086,0.0936468,0.0714464,0.0932639,0.0975288,0.0887312,0.0896215,0.1146586,0.0954062,nan
2,2613,1313007,45,128485,1.4823867,1.596754,1.1149138,1.0324627,1.0041,0.9437406,0.9362361,0.996436,0.9048223,0.8905866,0.9129407,0.8624339,0.8782283,0.8938395,0.8830982,0.9067566,0.8363104,0.9490075,0.7867963,0.9162789,0.8751747,0.8788437,0.9093721,0.8812936,0.7976245,0.8433319,0.8085046,0.85192,0.8552475,0.8590026,nan
2,2615,907285,75,54613,0.7758146,0.6324901,0.4797476,0.4423657,0.4238615,0.4160985,0.3806226,0.3979809,0.4038744,0.407753,0.4013054,0.3663957,0.3587146,0.3704132,0.3944821,0.391325,0.3692907,0.3796755,0.3753345,0.3814606,0.3619412,0.3829666,0.5531542,0.5027138,0.5230392,0.3734217,0.3758635,0.3830413,0.3640248,0.35772,nan
2,2623,54917,17,13897,0.0770933,0.0538204,0.0541195,0.049124,0.0481023,0.0463358,0.0627227,0.0475237,0.0480278,0.0474974,0.0485454,0.0467977,0.0461599,0.046648,0.0482925,0.0462263,0.0440788,0.0450664,0.0470534,0.0461862,0.0505034,0.0446364,0.0476013,0.046607,0.0452437,0.0475055,0.0470519,0.0457785,0.0461579,0.0470613,nan
2,2629,994921,94,48169,1.7876258,1.4678146,1.2445251,1.1983106,1.1268512,1.0617792,0.9833804,0.8754238,0.9681429,0.9306285,0.8676612,1.0166345,0.8757062,0.860955,0.9350479,0.9417816,0.7755616,0.976045,0.8841602,0.9278773,0.9770682,0.8664448,1.0074811,0.8168922,0.9037079,0.9697571,0.9524995,0.8135115,0.9043454,0.9015629,nan
2,2630,503646,39,54208,0.6558971,0.5686827,0.4679144,0.4669773,0.4341377,0.4079142,0.3664707,0.3976773,0.3867814,0.3728737,0.366456,0.3616559,0.3588544,0.3387906,0.3728686,0.359387,0.3751997,0.3157553,0.3680383,0.3475451,0.3502219,0.4282047,0.339506,0.3123078,0.3381592,0.3535121,0.3383759,0.3445961,0.3297745,0.3539023,nan
2,2639,925878,65,63772,1.3171944,1.2052536,0.9966422,0.920268,0.8031752,0.9470357,0.8932547,0.8727482,0.8751882,0.8067162,0.8818327,0.8985925,0.7878,0.8254974,0.7337211,0.7499039,0.8372369,0.7789243,0.7678174,0.7594212,0.757992,0.7137969,0.7326492,0.6821337,0.7194025,0.815371,0.7540471,0.7790601,0.7345132,0.8364131,nan
2,2643,936595,49,83251,1.2261615,1.0165723,0.8733857,0.8086003,0.723778,0.7245771,0.5857558,0.6889621,0.6578257,0.6262883,0.7197342,0.6706315,0.664217,0.676107,0.6501219,0.6386766,0.7826519,0.7129302,0.6325674,0.7086305,0.6265529,0.6514382,0.6110867,0.6866935,0.6626599,0.6433328,0.7212902,0.6592078,0.620792,0.6575523,nan
2,2662,535352,17,137572,0.4662103,0.6155181,0.3993932,0.3802929,0.3251011,0.3241725,0.3163731,0.3194732,0.3039757,0.2762111,0.2987297,0.2957133,0.2991555,0.2974787,0.2953713,0.2911024,0.2912664,0.2911323,0.28327,0.2745306,0.2848663,0.2981692,0.264736,0.2864049,0.2902365,0.2991445,0.289846,0.2729074,0.2948514,0.2885035,nan
2,2664,30610,59,2473,0.0713887,0.0379357,0.0352024,0.0335368,0.0328318,0.033279,0.0331906,0.036485,0.0332585,0.0325972,0.0326657,0.051586,0.0350995,0.0310442,0.0327158,0.0318636,0.0321033,0.0321728,0.0317264,0.0299963,0.0316375,0.0306875,0.0329824,0.0312311,0.0345536,0.0315368,0.0294853,0.0335297,0.0303752,0.0354091,nan
2,2679,353709,60,26677,0.2930109,0.1728684,0.1711271,0.1698812,0.1598591,0.1469858,0.1422746,0.1495538,0.1404597,0.1392121,0.1394895,0.1524035,0.1329846,0.1350999,0.1364788,0.1381175,0.1416436,0.130174,0.1288216,0.1372906,0.1390604,0.1369584,0.1448606,0.1413715,0.1407101,0.1392152,0.1415482,0.1365564,0.1349492,0.1307987,nan
2,268,264421,81,15229,0.1461225,0.1539849,0.1326845,0.132491,0.1270197,0.1293606,0.1415804,0.1467377,0.1414,0.1398909,0.1252978,0.1230249,0.1242087,0.1195465,0.1192283,0.1131061,0.1108065,0.1227144,0.1153704,0.113308,0.1069717,0.1126178,0.1143902,0.1162045,0.1088343,0.1122189,0.1131526,0.1097825,0.1166538,0.1088216,nan
2,2695,1351424,67,91279,1.9537631,1.8087651,1.3757054,1.2344808,1.1327721,1.1745333,1.1669965,1.1410874,1.0678011,1.0335952,1.0500152,1.0543881,1.1550702,1.0594973,1.2054295,1.1025281,1.0354147,1.0083421,1.0695346,1.0458973,1.1018718,1.019759,1.1113815,1.0385199,0.9634225,1.0895701,1.0058762,1.079046,0.9701965,1.1149433,nan
2,2713,102502,48,9604,0.1731109,0.1154053,0.1028802,0.1131197,0.0989576,0.1024374,0.0988026,0.0942137,0.0927468,0.0936061,0.0896168,0.0934548,0.0911178,0.0902907,0.0922719,0.0904059,0.0708314,0.0800573,0.0548293,0.0734615,0.078843,0.0766874,0.0756585,0.0749159,0.0723125,0.0747006,0.0733211,0.0750216,0.0729568,0.0774434,nan
2,2725,389237,37,45673,0.5370812,0.433287,0.3285506,0.3292601,0.3334401,0.2652739,0.3056053,0.2993816,0.2948743,0.287172,0.2994008,0.2958524,0.2855697,0.2874883,0.302609,0.2898876,0.2971852,0.2996583,0.2880758,0.278501,0.2939013,0.2822366,0.2815414,0.2776141,0.2866912,0.2767543,0.281035,0.2858786,0.2995004,0.2757699,nan
2,2732,799888,26,122236,0.8047393,0.9548698,0.6750609,0.61622,0.5815381,0.5736393,0.5406169,0.5209867,0.5357791,0.5131481,0.5033543,0.480303,0.5061717,0.5234332,0.4748384,0.5095421,0.4923378,0.4877167,0.4779236,0.492441,0.4757715,0.4859243,0.4712572,0.4966406,0.5293997,0.4702651,0.5158618,0.508042,0.4910516,0.4727813,nan
2,2734,450310,88,23587,0.8005488,0.5769708,0.5353954,0.5251221,0.4351844,0.5032806,0.4643504,0.5189242,0.4640758,0.4552757,0.4332116,0.4605931,0.4377639,0.4582489,0.4410671,0.45346,0.4258479,0.4355414,0.4176077,0.4481608,0.4399616,0.4440521,0.429882,0.4430183,0.4472191,0.450489,0.4432359,0.4236691,0.4177547,0.4304654,nan
2,2737,30232,17,7480,0.0289942,0.016726,0.0167524,0.0170114,0.0171272,0.0166182,0.0177387,0.0172829,0.0189134,0.0170459,0.0174205,0.0163444,0.0159304,0.0168025,0.0158008,0.0157441,0.0164423,0.0176094,0.0180995,0.0168674,0.0163549,0.0159579,0.0162584,0.0158939,0.0158034,0.0169252,0.0170834,0.018707,0.0169817,0.0188757,nan
2,2739,1339339,56,109942,1.7181233,1.8004975,1.2141131,1.1729631,0.9412795,1.0389368,1.0525202,0.9818252,1.1025146,0.9652204,1.0356951,0.9639985,0.9909328,0.9213151,0.9802911,0.9541464,1.0228698,0.9137364,0.969335,0.9672295,0.9779151,0.9658553,1.0173307,0.9470619,1.0020707,0.9749503,0.9210199,0.9929499,0.8980764,0.9384309,nan
2,274,1919269,31,271297,0.4418783,0.3292111,0.3295142,0.2761973,0.2510721,0.2513826,0.2591396,0.2361938,0.2430628,0.2421123,0.2212334,0.2923062,0.2351383,0.2124596,0.3567937,0.2159152,0.2506507,0.2130562,0.2106459,0.2136282,0.2106241,0.2749006,0.2152957,0.2264524,0.2044817,0.2353956,0.2109784,0.2393332,0.2066247,0.2193678,nan
2,2743,217133,19,49540,0.2368564,0.2392651,0.1848686,0.180012,0.172216,0.1898967,0.1610671,0.162577,0.1599855,0.1088857,0.0672712,0.0917766,0.1409101,0.1390059,0.1376073,0.1393915,0.1332747,0.1337525,0.1430944,0.1386886,0.123568,0.1381232,0.1468556,0.1383244,0.1343596,0.1338216,0.1384609,0.1392982,0.1358743,0.1448004,nan
2,2746,1983772,85,105790,3.2703146,3.1613573,2.1898033,2.0230576,1.931001,1.9504254,1.7399286,1.828013,1.9075289,1.8591781,1.8072092,1.9062561,1.732422,1.5878457,1.7550187,2.0423892,1.6009213,1.7210961,1.5893417,1.6413304,1.6966116,1.9190951,1.9352887,1.7356641,1.5801664,1.7129208,1.5959761,1.5320272,1.5068043,1.5679804,nan
2,2750,1672855,42,170581,1.7002193,2.0816314,1.5171494,1.3734458,1.3555573,1.2491625,1.2226686,1.1230722,1.078376,1.1817424,1.1324112,1.1155233,1.0751633,1.1320893,1.0590446,1.074309,1.0813672,1.1497437,1.0535527,1.0618853,1.0439599,1.0242213,1.0495885,1.094894,1.048534,1.0727568,1.007443,1.0660829,1.0076143,1.1502321,nan
2,276,203707,92,10339,0.140769,0.1306251,0.1252823,0.1203689,0.120175,0.117582,0.1152646,0.1099653,0.113398,0.1090178,0.1115024,0.1120517,0.1177775,0.1122024,0.1035904,0.1157116,0.1403613,0.1082697,0.1113457,0.1127251,0.1101377,0.1074855,0.1101742,0.1118236,0.1105032,0.1132789,0.1102039,0.113294,0.1134323,0.1096005,nan
2,2779,1985251,89,99121,3.3320333,3.3225059,2.3041412,1.8744409,1.9018515,1.7962756,1.8940865,1.8666745,1.5478444,1.54375,1.7480432,1.7585211,1.8476629,1.6684092,1.8014521,1.7748391,1.5912944,1.8692073,1.7703566,1.5991704,1.7016954,1.6114604,1.6757058,1.5818035,1.6535739,2.0069831,2.0046335,1.6003797,1.7282445,1.6716481,nan
2,2780,517407,69,33913,0.4951074,0.3320673,0.2765605,0.2793022,0.2507209,0.2376275,0.2281958,0.2250929,0.2216591,0.2185822,0.2212435,0.2254972,0.2284422,0.2257111,0.2187905,0.218542,0.2218327,0.2181108,0.2111623,0.2131791,0.2146749,0.210918,0.2074958,0.2066029,0.2071127,0.217693,0.208105,0.2151636,0.2138824,0.2086391,nan
2,2789,1072893,45,106885,1.1812908,1.2867499,1.0461529,0.9789137,0.8134819,0.7462854,0.6508699,0.7519181,0.7057235,0.7170845,0.7931913,0.8058692,0.6902,0.7485537,0.7101222,0.7859357,0.7921299,0.7338229,0.7308242,0.6493668,0.6877609,0.6308639,0.7983455,0.6709913,0.6830234,0.6818041,0.7319877,0.7263031,0.7331851,0.7679331,nan
2,2823,1333048,87,71542,2.4213864,1.9163929,1.465024,1.5843744,1.3928194,1.3260406,1.1922891,1.2786205,1.1692534,1.1479044,1.2359199,1.3392544,1.1976889,1.262172,1.1744744,1.192761,1.1792721,1.0564841,1.1513539,1.1730133,1.0733994,1.2043361,1.1558107,1.2458417,1.186787,1.4250825,1.1880637,0.8768116,1.1623803,1.2242485,nan
2,2831,830769,77,48622,1.6306627,1.3330087,1.0368748,0.8665,0.9497232,0.8624491,0.944818,1.0119001,0.8420225,0.924509,0.8251109,0.8506377,0.823783,0.81074,0.8525233,0.8265974,0.7562486,0.8021564,0.8214161,0.8258056,0.7407301,0.7751414,0.7938203,0.7816427,0.8067814,0.7525136,0.8280496,0.7729108,0.7769701,0.8368281,nan
2,285,1686948,61,122206,0.5484188,0.490404,0.3966899,0.3807114,0.3670618,0.3524117,0.3685632,0.3841331,0.3568845,0.3661768,0.4016618,0.3220004,0.3309448,0.3628967,0.3440423,0.3317411,0.2749885,0.3267343,0.3143779,0.3317221,0.34845,0.3116832,0.3009653,0.3026107,0.2970631,0.3204229,0.3012007,0.3215991,0.3773985,0.3128484,nan
2,2850,1347509,59,105838,1.6656975,1.8030615,1.3409887,1.1647473,1.2037599,1.092325,1.1256484,1.0791459,1.1135237,1.0001793,1.077027,1.0219602,1.0250265,1.1298515,1.0434666,1.0796358,1.035342,1.0442096,1.1160365,1.0244435,1.0464782,0.9872867,1.0569085,1.0057132,0.9397735,1.0414815,0.9993954,1.0233617,1.0030175,1.0260679,nan
2,2852,675152,23,118687,0.664783,0.7773627,0.5569061,0.5017294,0.459137,0.4706509,0.4567897,0.45679,0.4106155,0.4219674,0.4280415,0.4340219,0.4078567,0.4191173,0.4081777,0.4149315,0.4070805,0.3998048,0.4000515,0.3687906,0.4105034,0.3870126,0.3946686,0.433289,0.3815119,0.4031097,0.3805826,0.4052251,0.3958294,0.3960476,nan
2,2854,95817,36,11755,0.1102326,0.1062443,0.0948224,0.0942754,0.0866816,0.0867881,0.0884772,0.0949537,0.0820837,0.0862594,0.0876823,0.0894866,0.0955438,0.1113381,0.0892944,0.0920932,0.0841662,0.0851179,0.1015711,0.0848307,0.0813861,0.088505,0.0870495,0.0873686,0.0864393,0.0830423,0.0937013,0.0838573,0.0790826,0.0766809,nan
2,2873,969091,11,269701,0.7249133,1.0925448,0.7758571,0.6855965,0.6054662,0.577425,0.6677304,0.5776039,0.6076289,0.5975695,0.5920533,0.5598195,0.5647614,0.4710768,0.5520443,0.5257708,0.5762481,0.5402148,0.5496075,0.5476098,0.5723863,0.4837106,0.5546036,0.5449589,0.5366729,0.5411039,0.5299554,0.5133423,0.5321921,0.5175471,nan
2,2888,239299,51,21520,0.3827615,0.3039416,0.2666443,0.2505476,0.2387201,0.2483611,0.2072434,0.210242,0.2107172,0.1950791,0.1947798,0.1922312,0.2017951,0.2161273,0.1914487,0.1917608,0.1974185,0.1956827,0.1972264,0.1987318,0.1920206,0.188525,0.2075265,0.1870878,0.1939455,0.195986,0.1889374,0.1864105,0.1890564,0.1886975,nan
2,2910,170787,29,26581,0.231105,0.1785945,0.1641382,0.1728264,0.1553703,0.1494811,0.1505442,0.1474629,0.1464175,0.1436213,0.1439949,0.1173691,0.1275282,0.1261008,0.1233561,0.1299216,0.1306775,0.1229519,0.1225846,0.1198903,0.1285213,0.1302421,0.1283257,0.1243237,0.1218531,0.1253304,0.1228355,0.121523,0.1236309,0.1197996,nan
2,2920,1563520,86,81793,1.4295112,1.1492151,0.8404752,0.8675719,0.8315172,0.7486884,0.7536446,0.7105219,0.7068107,0.7172986,1.0025078,0.7267468,0.7302819,0.7334389,0.6816531,0.7227326,0.7322678,0.6883277,0.7488717,0.6890403,0.6883215,0.7194621,0.6925399,0.7088871,0.692704,0.6972129,0.7138502,0.7927079,0.7389247,0.7191946,nan
2,2927,718549,61,54082,0.6136146,0.4870228,0.3369452,0.3516471,0.308163,0.2922916,0.2965386,0.2938605,0.2703854,0.2730271,0.2863211,0.2852558,0.2783825,0.2818619,0.2597539,0.2615568,0.2706805,0.2756453,0.2733784,0.2668178,0.2699236,0.250469,0.2689312,0.27229,0.2676431,0.2656171,0.2777719,0.2618715,0.2699082,0.2771187,nan
2,293,1552354,48,147070,0.4204546,0.3727385,0.357264,0.3277628,0.2947272,0.2951259,0.28181,0.2999444,0.2662068,0.2692512,0.2670495,0.2682014,0.2335327,0.2835879,0.2705757,0.2717196,0.2569024,0.2776805,0.2560337,0.2480225,0.2627781,0.255513,0.2669175,0.2639174,0.2680124,0.2670059,0.2674715,0.2643248,0.2570518,0.2579664,nan
2,2937,658320,86,35842,0.6157148,0.4472202,0.3833216,0.3327545,0.3278392,0.338937,0.3002306,0.3146336,0.3050923,0.2924547,0.298258,0.2734111,0.2618483,0.284138,0.2854502,0.2775053,0.2683628,0.2928177,0.2783922,0.3144874,0.2867774,0.296723,0.2790293,0.2941038,0.2938013,0.3036059,0.2971042,0.2782246,0.2793946,0.2914252,nan
2,2940,699971,89,36187,1.4329076,0.980032,0.900093,0.8020043,0.7928239,0.7669105,0.7456306,0.7569566,0.7070263,0.6642027,0.7130872,0.6922705,0.7235673,0.6970771,0.7023759,0.6947162,0.6245112,0.7207099,0.6697051,0.7244785,0.6130558,0.6378347,0.6899968,0.6894819,0.6484207,0.6527922,0.6490297,0.7248672,0.6374214,0.6333249,nan
2,2942,1808382,70,114787,1.3490674,1.2473586,1.0239441,0.8994722,0.8274557,0.8650556,0.8891684,0.8092605,0.775409,0.7996231,0.7448454,0.7942033,0.7236612,0.7330744,0.7773766,0.7747384,0.7514788,0.7591052,0.6986054,0.8104249,0.6940887,0.6939989,0.725782,0.7058347,0.7173049,0.6735329,0.7856098,0.6723957,0.6757789,0.7446377,nan
2,2956,1520081,14,379324,1.0319223,1.6128227,1.285422,1.0598889,0.9649556,0.9648035,0.876473,0.8734944,0.834495,0.8964096,0.828764,0.8401773,0.9732049,0.8379443,0.7737413,0.7973138,0.769222,0.7958647,0.7526713,0.7783733,0.9049272,0.9559775,0.7661521,0.7492487,0.7572926,0.9169252,0.7771572,0.7584382,0.6488278,0.7487755,nan
2,2956,1866957,61,134959,1.322978,1.509787,1.3996276,0.9526853,0.8477921,0.8463257,0.7856344,0.8104752,0.8110325,0.8650179,0.8026802,0.7938577,1.037758,1.0417688,0.7610566,0.7446898,0.7655417,0.7716618,0.7517834,0.7319759,0.7287806,0.7512945,0.7293242,0.7401747,0.7122787,0.7191831,0.7362247,0.7341815,0.7474465,0.714761,nan
2,2956,926005,73,56302,1.6016582,1.0837449,0.991744,0.9236527,0.8335788,0.8402154,0.7724224,0.9545544,0.8487117,0.9244881,0.8399036,0.8269415,0.7959862,0.8819212,0.7052254,0.8443958,0.7787781,0.837564,0.849676,0.8461262,0.8425199,0.8125192,0.8354082,0.7713804,0.8186354,0.7470976,0.8230475,0.7819941,0.8409727,0.7079388,nan
2,2973,1340656,50,118897,1.7068161,1.957979,1.2674463,1.2344883,1.1130624,1.1643253,1.0088491,1.0103582,1.0609543,1.0385538,1.0942165,0.9558511,0.9940317,0.9429946,1.0449207,1.0796098,1.0093753,1.0038907,0.9867475,0.9667087,1.0617942,0.9624047,0.9579785,0.9223988,0.9600409,1.0563089,0.8875994,0.9708135,0.9709131,0.9166287,nan
2,2987,242157,14,62305,0.2846836,0.3165814,0.2316135,0.2163295,0.2096995,0.1790833,0.1867331,0.1822621,0.1831363,0.1708732,0.1773713,0.172836,0.179866,0.1675477,0.1745835,0.1690811,0.1764977,0.1673228,0.1720395,0.1742493,0.1786186,0.1721785,0.1673176,0.1680187,0.1761334,0.1727493,0.1749019,0.1738616,0.1821144,0.1746316,nan
2,2992,21040,91,1141,0.0698216,0.0326348,0.0324574,0.0291603,0.0286613,0.02873,0.0276203,0.0268306,0.0268338,0.0274936,0.0284916,0.0283836,0.0285229,0.0277582,0.0196804,0.026665,0.0259323,0.0279386,0.0276718,0.0285733,0.0287699,0.0272565,0.0284763,0.0282797,0.0269785,0.0277431,0.0270826,0.0261919,0.0275986,0.0297882,nan
2,2993,1374887,95,66868,2.8068368,1.9184821,1.6565107,1.5822538,1.4362222,1.4326202,1.4338727,1.3208239,1.4572062,1.4216907,1.3038773,1.3308563,1.4222036,1.2458311,1.2245205,1.3894695,1.2669036,1.4076169,1.3756595,1.2482766,1.2405706,1.2630514,1.3337598,1.3250612,1.2443158,1.2405134,1.2346034,1.1686409,1.3353047,1.2783145,nan
2,3004,373353,10,145102,0.3239153,0.5108382,0.3587188,0.2934849,0.2710889,0.2754821,0.2389171,0.2531336,0.2475739,0.2634397,0.2544319,0.2353073,0.2359154,0.2513318,0.2254811,0.2318811,0.2309323,0.2205288,0.2514341,0.2314987,0.210071,0.2311472,0.2315052,0.2189046,0.2260605,0.2270705,0.2209563,0.2300215,0.219675,0.2156515,nan
2,3018,315388,74,19582,0.5551962,0.4096023,0.3779334,0.1978461,0.3176501,0.3015727,0.29712,0.3007014,0.3171449,0.3205684,0.3066108,0.3017509,0.2941254,0.3019341,0.2871048,0.2847663,0.290028,0.3209018,0.287627,0.2870972,0.2839045,0.2965077,0.2953901,0.2922421,0.28206,0.2189344,0.2964553,0.3005611,0.3079907,0.2865945,nan
2,3036,904996,63,64318,1.411746,1.1438932,0.9284483,0.8087159,0.8214357,0.7674713,0.8362611,0.7790839,0.788813,0.7556014,0.7609861,0.7457834,0.7390989,0.6973088,0.7635325,0.6735815,0.7469702,0.7057357,0.7068606,0.7060021,0.7163668,0.7393539,0.7676695,0.6493251,0.7237407,0.7035649,0.7134034,0.7262343,0.5137648,0.7521867,nan
2,3056,1621458,25,253255,1.3276862,2.0990682,1.364916,1.258924,1.1508951,1.0782113,1.0961787,1.0011388,1.0196041,0.9661926,0.9093119,0.9411433,0.9546771,0.9489884,0.9192595,0.9688818,1.0047534,0.9013211,0.9209775,0.8909785,0.9296767,0.8901092,0.9313146,0.8882824,0.8914034,0.8819672,0.9296499,1.0476007,0.9075881,0.9263031,nan
2,3063,713099,43,75526,0.9368865,0.978214,0.7114237,0.642799,0.6296561,0.6008959,0.6086576,0.5455809,0.5169256,0.5655748,0.5372181,0.5379092,0.5206118,0.526549,0.5289599,0.4832241,0.532007,0.5295107,0.526909,0.5076334,0.498772,0.5163686,0.4454289,0.5121405,0.5104325,0.5120327,0.4947881,0.5383608,0.5316294,0.4733445,nan
2,312,525833,59,40846,0.3321136,0.2396609,0.2120177,0.2079843,0.1969803,0.1950529,0.1798041,0.1266521,0.1995995,0.1963585,0.1060254,0.1847279,0.1866977,0.1841823,0.1987576,0.1916208,0.1532195,0.1796727,0.1952954,0.1747141,0.1743221,0.1732939,0.1742252,0.1806631,0.2094073,0.1764879,0.1829233,0.1727254,0.1789167,0.174197,nan
2,3125,852150,24,141448,0.7201453,1.1313644,0.7621114,0.7265056,0.628987,0.5699821,0.6397202,0.5987122,0.533808,0.5749501,0.5784203,0.5551719,0.6134389,0.5551261,0.6179455,0.5808207,0.5909851,0.5315267,0.5804596,0.524462,0.5432019,0.552228,0.5457443,0.5431895,0.5544276,0.5197082,0.5347699,0.5304768,0.6026457,0.5254869,nan
2,3128,1943047,24,341887,1.4212218,2.3407545,1.4386887,1.1878683,1.2098586,1.1868271,1.21044,1.0572633,1.0404966,1.0552438,1.0890081,1.0712898,0.9944745,1.1520639,0.9691075,0.972186,1.0108932,1.1731846,1.012633,0.9400224,1.0525131,0.9921977,1.1063669,0.9443083,0.9556283,0.947926,0.8781099,0.9564867,0.9292711,1.0514648,nan
2,3129,1189795,93,59101,2.4105073,1.7787913,1.5770829,1.3838254,1.3123424,1.2312535,1.3469045,1.2312182,1.3162422,1.3725634,1.2435295,1.2408078,1.3232878,1.267303,1.2216428,1.1809744,1.2441753,1.087724,1.2590511,1.1888777,1.2939935,1.442366,1.3054498,1.190262,1.1234438,1.200786,1.2212987,1.1149347,1.1866988,1.1828997,nan
2,3133,77002,45,7846,0.1331016,0.089479,0.0807525,0.0770886,0.0743008,0.1224348,0.0711651,0.0625826,0.0673215,0.069312,0.066395,0.0633234,0.063921,0.0623728,0.0619668,0.0735298,0.0649472,0.069468,0.0717047,0.0597663,0.0663599,0.0671049,0.0768831,0.0659524,0.0531856,0.0619453,0.0744944,0.061657,0.0690163,0.0680292,nan
2,3138,1309831,97,62860,2.500224,2.1871918,1.6368834,1.3184653,1.4514688,1.5522394,1.3127412,1.5310219,1.3696864,1.4534341,1.548773,1.1734114,1.4064446,1.3410418,1.4357922,1.2750879,1.2650155,1.2798027,1.234857,1.2860095,1.3848605,1.1943273,1.3435866,1.2713866,1.2219408,1.2664427,1.3437162,1.5651034,1.3331193,1.2216405,nan
2,3144,958051,42,97660,1.1688171,1.1604756,0.9376998,0.8362813,0.8753143,0.8388733,0.7554053,0.7372857,0.728764,0.7567093,0.720632,0.79757,0.6923468,0.7651288,0.6778848,0.6896909,0.6779551,0.7366138,0.7128155,0.7161096,0.7106118,0.6735159,0.7116967,0.6665336,0.7138728,0.7446273,0.6730386,0.6966785,0.7258328,0.6809177,nan
2,3146,59250,77,3649,0.1518877,0.0827031,0.0746541,0.0737036,0.0691287,0.067378,0.0607388,0.0585265,0.0621296,0.061687,0.059744,0.0604275,0.0582048,0.0567996,0.0644366,0.0570263,0.0594126,0.0646749,0.0555382,0.0605016,0.0540345,0.0533999,0.0540429,0.0323163,0.057801,0.0615287,0.0620748,0.0722554,0.0597471,0.0651784,nan
2,3147,688341,27,104968,0.7598432,0.7967196,0.5687112,0.5463081,0.5445031,0.4883972,0.5141392,0.487303,0.4750924,0.4600157,0.4741075,0.4689893,0.4822379,0.4669243,0.4919258,0.4444596,0.4782684,0.46686,0.4801025,0.4465821,0.4598944,0.4355378,0.4541308,0.4652695,0.4275936,0.4360165,0.4661251,0.4502003,0.4536295,0.4620214,nan
2,3166,1934318,64,134401,2.4593726,2.570473,2.1105441,1.8635536,1.7163749,1.5307372,1.765885,1.5305079,1.5818599,1.606526,1.4643507,1.5577247,1.4332666,1.4815904,1.4796569,1.7467798,1.4417849,1.4312392,1.4884457,1.4242119,1.774293,1.4207447,1.5834578,1.4853654,1.3455137,1.5062286,1.3715959,1.5475339,1.4550826,1.3956773,nan
2,3181,925560,95,45154,0.8973558,0.6793837,0.5277767,0.5347449,0.5020311,0.4828177,0.4335318,0.4618316,0.4509135,0.435365,0.4469247,0.4426224,0.4499396,0.4438673,0.4735882,0.4157253,0.4250635,0.4285499,0.464949,0.4288588,0.4282468,0.4456061,0.4299837,0.4500231,0.5474701,0.3930119,0.4448954,0.4089776,0.4162927,0.4073397,nan
2,3187,1614689,11,469162,1.0670462,2.2945377,1.2016577,1.11711,1.0228117,0.9903044,0.9616027,0.9435939,0.8808655,0.8747981,0.9407889,0.9637025,0.8708155,0.8436308,0.8990526,0.8293969,0.8647223,0.8633053,1.0352292,0.8035909,0.831904,0.803352,0.8360871,0.8078506,0.8074008,0.8071597,0.7780625,0.8174258,0.9434685,0.8211109,nan
2,3197,974849,86,51019,0.9482746,0.7449402,0.6059484,0.5689458,0.5929514,0.4742241,0.5403624,0.5287392,0.521457,0.5287547,0.5019708,0.5351952,0.4566356,0.5539064,0.4822274,0.5308463,0.4805607,0.4876374,0.497745,0.4936572,0.4566734,0.4747704,0.4361997,0.4783637,0.546906,0.4849514,0.5159418,0.5248743,0.480551,0.4723326,nan
2,3208,752151,60,56329,1.2120941,1.0854609,0.9513236,0.7717009,0.7823968,0.741589,0.7140474,0.7194027,0.7197647,0.7059242,0.670963,0.6679915,0.6812811,0.6784712,0.6978194,0.6351011,0.6339395,0.650769,0.6498473,0.7012802,0.6913613,0.638692,0.6728863,0.645078,0.6699076,0.6521993,0.6575608,0.6956459,0.6495071,0.6823297,nan
2,321,761617,22,137137,0.2176548,0.2037523,0.1731254,0.1246123,0.1487608,0.1341936,0.1294096,0.1304139,0.1406805,0.1114385,0.1288142,0.1259597,0.1341986,0.131859,0.1336383,0.1510709,0.1247128,0.1254821,0.1359078,0.1238162,0.12498,0.1191831,0.0702775,0.1223231,0.114308,0.1225483,0.1213142,0.1190353,0.1373976,0.1188061,nan
2,321,995300,27,144721,0.3095291,0.2693949,0.2245464,0.2124156,0.1951416,0.195442,0.2008039,0.1910005,0.1920229,0.188144,0.1856804,0.1816887,0.1778195,0.1791294,0.1862295,0.2110001,0.1880138,0.1790561,0.1672657,0.1758283,0.2201772,0.1736476,0.1896156,0.1751389,0.177862,0.1822367,0.2035309,0.1805469,0.1704134,0.1744916,nan
2,3212,1949791,62,138994,2.8194069,2.6147736,1.820205,1.8576803,2.0193124,1.9896983,1.6477737,1.700147,1.66179,1.7174603,1.6541633,1.5684474,1.5312615,1.7927616,1.5780242,1.4780621,1.7360302,1.5474269,1.5185136,1.6702191,1.8884785,1.4683304,1.6582229,1.4734044,1.4979977,1.5909325,1.7080935,1.7242503,1.5946846,1.4712519,nan
2,3250,778661,87,40849,1.5729046,1.1656517,0.9276719,0.9256238,0.9360954,0.8478414,0.8702263,0.9453853,0.8115529,0.8436091,0.8544134,0.8758681,0.8197854,0.8251391,0.8395395,0.741143,0.7992495,0.7777611,0.7356786,0.8653264,0.8124504,0.785344,0.8305565,0.7677186,0.7799867,0.7703763,0.7644406,0.7570691,0.7730439,0.7959607,nan
2,3253,799103,99,37642,0.8987787,0.632846,0.533573,0.4816023,0.5423407,0.4219805,0.4456052,0.4317526,0.3991242,0.3783922,0.403013,0.3950311,0.3930729,0.4239366,0.4234216,0.3926965,0.4342611,0.4104201,0.3692392,0.4019019,0.4038382,0.3752438,0.4144224,0.3954754,0.3705468,0.4087575,0.3876933,0.4029553,0.4135462,0.5211722,nan
2,3271,1170763,49,106411,0.8011478,0.833606,0.6203817,0.5311797,0.533601,0.5571594,0.5064074,0.4710533,0.4778286,0.4929512,0.4506212,0.4920751,0.447759,0.4572114,0.4677667,0.439714,0.4382054,0.4497606,0.4245923,0.4439601,0.4848003,0.4566054,0.4497246,0.4235335,0.4357574,0.4328012,0.4167167,0.489226,0.4351014,0.4217746,nan
2,3277,1255883,77,74782,2.2827053,1.7591958,1.4733152,1.3586022,1.3694571,1.2417824,1.2155312,1.3034385,1.1801038,1.1599399,1.2033498,1.1080636,1.1216412,1.1550988,1.208068,1.1425264,1.2000182,1.153926,1.1916416,1.0218613,1.2084619,1.114712,1.2327693,1.1540137,1.1800823,0.8705801,1.1342883,1.1470045,1.1624613,1.1997228,nan
2,3286,1478236,96,70663,2.8880043,2.637093,1.9647099,1.7581365,1.7404908,1.5175112,1.5918731,1.5980079,1.4154165,1.546392,1.5176341,1.5682476,1.4193578,1.4453203,1.4114804,1.4432194,1.2527289,1.3996066,1.4192523,1.4678278,1.4413048,1.4588301,1.5348498,1.4440232,1.4309951,1.3687685,1.4247093,1.1927518,1.3409971,1.4070822,nan
2,3296,784011,71,51583,1.3663135,1.0460881,0.8890958,0.8086966,0.8185547,0.8311351,0.7527682,0.7487941,0.6737248,0.7289916,0.7051173,0.7207522,0.6629606,0.6950292,0.6746992,0.6454731,0.6900243,0.666225,0.6379739,0.6905563,0.6791222,0.6515404,0.6988213,0.6696333,0.6548997,0.7013008,0.6698118,0.6428808,0.6559071,0.6868119,nan
2,3300,872740,100,39700,1.7742109,1.4308244,1.0809732,1.0028099,1.0345393,0.9348491,0.9563033,1.0249758,0.9912483,0.9712246,0.9114033,0.8638637,0.950703,0.9176877,0.8859078,0.9380102,0.9112209,0.9208765,0.8582831,0.9775891,0.9113203,0.972036,0.8639291,0.9914992,0.8663173,0.83151,0.9306202,0.9432692,0.9231514,0.9142072,nan
2,331,1716370,99,79390,0.8431956,0.7439081,0.6033184,0.5920306,0.5495218,0.586293,0.5863429,0.666383,0.5487737,0.6078276,0.6252545,0.5721584,0.5295624,0.5802526,0.5404685,0.6035555,0.5487377,0.5921621,0.6789688,0.5514607,0.5686927,0.5545202,0.5670047,0.5478502,0.5643497,0.5604554,0.5648802,0.5569154,0.5408351,0.5509204,nan
2,3312,954500,16,238834,0.7456622,1.1603379,0.7642548,0.6400669,0.6131752,0.5425074,0.5966595,0.5346637,0.5687884,0.4653316,0.5382619,0.4363494,0.5236042,0.5136749,0.5085394,0.5130806,0.5352459,0.5002067,0.519835,0.5022892,0.5036528,0.5012669,0.5205249,0.5229481,0.4922043,0.4063882,0.528031,0.4994584,0.4902235,0.4927187,nan
2,3317,1229280,55,100642,0.9277387,0.9343588,0.6723465,0.7209613,0.5735424,0.5596042,0.645485,0.5600613,0.5385426,0.5358847,0.7435584,0.512357,0.5867066,0.501681,0.4892048,0.588866,0.5022413,0.4734696,0.4693468,0.4788149,0.5563877,0.4747191,0.4927901,0.5337768,0.6935599,0.6583771,0.4816984,0.5029968,0.574853,0.5279755,nan
2,3323,486855,28,70969,0.3212071,0.2987005,0.2470656,0.208555,0.2073928,0.1888846,0.1850511,0.1780275,0.1786817,0.1823094,0.1869961,0.1777822,0.1727072,0.160109,0.1697657,0.1832132,0.1838825,0.1737242,0.1642566,0.175159,0.1727655,0.170141,0.1658084,0.1745133,0.1695118,0.1721562,0.1728184,0.1586051,0.1712454,0.1722408,nan
2,3334,628637,50,57070,0.9083669,0.781825,0.6484756,0.5867299,0.597446,0.5630439,0.5473942,0.5396095,0.5423285,0.552327,0.5343399,0.5189901,0.5124526,0.5174143,0.4565868,0.4926131,0.5157159,0.5126107,0.5242901,0.5045914,0.5100781,0.4881293,0.53572,0.5055101,0.4987972,0.50331,0.4789888,0.517906,0.4832019,0.5152301,nan
2,3336,1572418,41,160345,0.941452,1.4242428,0.7919924,0.6682355,0.6370803,0.6112473,0.6161527,0.6169738,0.5646261,0.5548958,0.5441347,0.5601024,0.5569134,0.6584877,0.5664138,0.5412846,0.6429306,0.5336635,0.6085386,0.5242132,0.5633491,0.524869,0.5157593,0.5466783,0.5485358,0.7015973,0.525023,0.5165695,0.5008706,0.5166483,nan
2,3355,719404,11,259189,0.568731,0.9359353,0.5802299,0.5553758,0.4710761,0.4602745,0.4536775,0.4370568,0.4275318,0.424933,0.4155242,0.4233599,0.3944859,0.4060503,0.404976,0.3928286,0.4118617,0.3959152,0.4055949,0.3948327,0.3277835,0.4197827,0.3989421,0.3909487,0.3929051,0.3909838,0.3901122,0.3786643,0.3925181,0.3755088,nan
2,3358,1574356,62,112513,2.0760399,2.4062795,1.6640074,1.5380583,1.4170996,1.3310732,1.440937,1.4000205,1.4654534,1.334316,1.3392813,1.481867,1.3873287,1.3107482,1.3978013,1.2709866,1.3767222,1.3127692,1.2970174,1.4534006,1.1641771,1.3230603,1.241545,1.2330172,1.3542469,1.3492924,1.3032358,1.2610488,1.3162431,1.2377906,nan
2,3362,754316,71,48235,0.7125208,0.5017238,0.4027753,0.3875844,0.373559,0.3761796,0.3552345,0.3694805,0.3612104,0.3666487,0.356358,0.361108,0.367959,0.3534835,0.3355429,0.3556233,0.3552061,0.3445054,0.3506338,0.3344308,0.3556771,0.3407298,0.3356787,0.3488083,0.3422542,0.3387125,0.3521356,0.3190503,0.3438453,0.3437856,nan
2,3364,261583,18,58924,0.1716072,0.1909722,0.1347182,0.1264166,0.1219935,0.1169345,0.1164751,0.1130908,0.1094698,0.1105054,0.0861338,0.0897667,0.0923897,0.0891022,0.0940791,0.0927048,0.0898717,0.0845167,0.085665,0.0901391,0.0879875,0.0940562,0.0891499,0.0879733,0.0883055,0.0873617,0.0886965,0.0822469,0.092028,0.0869139,nan
2,3376,242429,33,33076,0.3522846,0.2772431,0.1735565,0.1891423,0.1909602,0.1894947,0.1847177,0.1867563,0.1972648,0.1776741,0.1170293,0.1814093,0.1710946,0.2023332,0.1771568,0.1963187,0.1693564,0.1750335,0.1173804,0.1706495,0.1716142,0.1644737,0.1684438,0.170833,0.1711907,0.1698817,0.1756449,0.1684687,0.1965428,0.1704668,nan
2,3387,533294,28,81298,0.6209137,0.6431901,0.4959422,0.4454948,0.36826,0.4005302,0.4118598,0.3792466,0.3726662,0.3971281,0.3771416,0.3628282,0.352364,0.3732722,0.358523,0.3558226,0.3735708,0.3062038,0.3411435,0.3848376,0.361268,0.346575,0.3643926,0.3560592,0.3516933,0.3727681,0.3442021,0.3653929,0.3414487,0.3553042,nan
2,3403,1154603,59,88696,0.957865,0.822052,0.6077882,0.5830452,0.5635668,0.5100864,0.5734058,0.5135562,0.6512103,0.4950288,0.5122276,0.4663831,0.4952036,0.5413241,0.4668744,0.5289839,0.475444,0.4735215,0.6572213,0.6595395,0.6844626,0.5926993,0.4612603,0.4674593,0.4574725,0.4471721,0.5075154,0.4599868,0.460712,0.4850964,nan
2,3405,889025,90,45658,0.9541606,0.6297767,0.5396415,0.5230028,0.5159434,0.4625332,0.4447875,0.4907179,0.4617845,0.5434767,0.4376842,0.4346707,0.4554546,0.4081664,0.4629146,0.4186052,0.5031525,0.4240356,0.4232517,0.5054539,0.4794664,0.4704109,0.4357423,0.543379,0.4166038,0.4321189,0.4375703,0.4039721,0.4482631,0.4317863,nan
2,3407,1218906,58,94318,1.801761,1.6074973,1.2104507,1.0457911,1.1070412,1.0628128,1.0154461,0.998929,1.0173584,0.9367036,1.0567383,0.9723191,0.9300847,0.9686192,1.0742104,0.9990445,0.9682396,1.066953,1.0007038,0.969121,0.9766644,0.9711976,0.9279821,0.9888143,0.9552186,1.0150847,0.9010912,0.9869992,0.9252432,0.9095603,nan
2,3408,1742096,58,132643,1.1531294,1.4487569,1.0037397,0.8473327,0.7699645,0.8207441,0.7065034,0.7001282,0.7290926,0.7070972,0.6818775,0.6554535,0.6893615,0.6832232,0.6803652,0.8978164,0.9266902,1.0254213,0.6866691,0.7831616,0.6548473,0.7729825,0.6920217,0.7066603,0.8734281,0.905797,0.6396634,0.6805154,0.784765,0.6757366,nan
2,3417,883743,54,71359,0.7050903,0.577786,0.4642439,0.3960043,0.4197321,0.3817229,0.373712,0.3603443,0.3779673,0.4218157,0.3748128,0.4141056,0.3491278,0.3448746,0.3442218,0.3694939,0.3574246,0.3816773,0.3607888,0.3583851,0.3813263,0.3471375,0.3576129,0.3972571,0.3561733,0.3412961,0.4407613,0.3276655,0.3351834,0.3308254,nan
2,3433,1002788,61,74377,0.8074388,0.6750459,0.5673091,0.4822507,0.4685794,0.4262459,0.4683647,0.419008,0.4214867,0.4417764,0.4536961,0.3927918,0.3872466,0.4136703,0.3689396,0.4076764,0.4534147,0.389361,0.384609,0.3914091,0.3912839,0.4115903,0.4206809,0.4696064,0.5488172,0.462864,0.3887712,0.3828085,0.4631733,0.3791591,nan
2,3442,800587,40,89917,1.037588,1.0212837,0.7440164,0.6902924,0.6661354,0.6203759,0.6094484,0.6494484,0.5599234,0.6213851,0.5659055,0.622782,0.6674785,0.5898088,0.5897338,0.6454822,0.5772811,0.5771886,0.5105132,0.5627034,0.5693565,0.5297632,0.5577374,0.5431572,0.4623358,0.5865031,0.580283,0.5635053,0.5258774,0.5430228,nan
2,3444,293948,74,18499,0.6418466,0.3525155,0.3664644,0.325766,0.3387382,0.3148662,0.3122359,0.2928392,0.3036129,0.2934279,0.307078,0.3198277,0.3018945,0.2977687,0.2943618,0.2932947,0.2802207,0.2766357,0.2917995,0.2679918,0.2753525,0.2924039,0.2870575,0.3006682,0.283231,0.2789117,0.2914316,0.2830682,0.2886578,0.2592586,nan
2,3447,1142599,33,151000,0.6344324,0.8532342,0.5619964,0.4878672,0.465198,0.4181343,0.4148971,0.4250345,0.4095376,0.4048891,0.3813122,0.3798943,0.3943273,0.3844139,0.4361819,0.4206882,0.4304621,0.3845057,0.3737316,0.3871925,0.3672887,0.3702177,0.3851546,0.3689087,0.3582988,0.3789576,0.3686992,0.3682024,0.3672366,0.3783,nan
2,345,1872833,21,373255,0.3923985,0.353383,0.2880153,0.2959283,0.2528312,0.2482704,0.2591386,0.2522821,0.2246368,0.2245675,0.2273672,0.2163644,0.2409794,0.2208217,0.2177616,0.2098425,0.2096631,0.2671448,0.2134308,0.2146941,0.2123656,0.2069571,0.2010363,0.200206,0.1974437,0.2021883,0.2990083,0.1951612,0.2706338,0.204496,nan
2,346,1880874,43,183007,0.5484108,0.5011884,0.3935517,0.4107521,0.3979137,0.3562125,0.3510857,0.3551135,0.344914,0.3334936,0.3322044,0.334394,0.3408851,0.3411054,0.3560583,0.3224592,0.332378,0.3202071,0.3414205,0.3192271,0.309256,0.323951,0.3115093,0.3033584,0.3239186,0.3083532,0.3138283,0.3609325,0.3713865,0.3018738,nan
2,3471,1026389,47,93235,1.3717509,1.0658441,1.0168134,0.9097588,0.9043946,0.8609332,0.8069885,0.8746316,0.7861104,0.9275491,0.8300807,0.8670043,0.7263237,0.8066862,0.7900758,0.7283804,0.7806762,0.7205413,0.8117503,0.7721392,0.751715,0.7982975,0.8184043,0.7863494,0.7566206,0.7710101,0.7179835,0.8030029,0.7770037,0.7898759,nan
2,3487,514922,63,37759,0.4722849,0.3634062,0.278118,0.237604,0.2580483,0.2461346,0.2354344,0.2383704,0.2271299,0.2253708,0.2245582,0.2179962,0.2191325,0.2259403,0.209684,0.2140765,0.2126558,0.2188233,0.205457,0.2236801,0.2053557,0.2211907,0.2042115,0.2127241,0.2080999,0.2143114,0.2018433,0.2106096,0.2081284,0.2017853,nan
2,3493,1167416,87,62194,2.3123872,1.545772,1.3356509,1.223411,1.3977396,1.2377959,1.2215153,1.2066993,1.2379606,1.1300569,1.1384459,1.152519,1.0629203,1.1827698,1.0835143,1.2178694,1.2088832,1.1529316,1.0407788,1.1579314,1.0552134,1.0745378,1.0186332,1.1129063,1.1334982,1.1234778,1.1121311,1.1291949,0.9358753,1.1257167,nan
2,3500,1741177,76,102301,1.4890969,1.4845072,1.1150972,0.9634509,0.952535,0.8424744,0.8778258,0.9235304,0.9231347,0.831676,0.8600244,0.8110321,0.8353102,0.7806754,0.8779682,0.8213415,0.8113366,0.7954481,0.8089477,0.8005219,0.8228104,0.7874375,1.1078723,0.7765617,0.7841614,0.8971269,0.7510563,0.8006713,0.7560311,0.8929644,nan
2,3519,1832177,91,93373,3.6009921,3.1284213,2.2346761,2.0813171,1.9284651,1.9455526,1.933269,1.737917,1.7650603,1.8811244,1.7796941,1.8332467,1.7732106,1.955877,1.6989899,1.6817494,1.6722984,1.7193321,1.7886229,1.7344785,1.7032434,1.8589339,1.672403,1.7705629,1.6723494,1.6602085,1.8939062,1.5938334,1.7844068,1.7897789,nan
2,352,1533055,65,104887,0.680595,0.5726584,0.4877728,0.5176096,0.4728257,0.4537454,0.4025626,0.4467289,0.4164492,0.3917897,0.4053334,0.3776645,0.3857837,0.3936554,0.379634,0.4251651,0.315535,0.3720887,0.3719095,0.3712268,0.3799131,0.37875,0.3820499,0.408124,0.5014285,0.3739656,0.3814236,0.3842411,0.3809253,0.3988612,nan
2,3550,1878406,29,259423,1.6746248,2.4664408,1.686265,1.3636607,1.2586884,1.2318402,1.2876202,1.2378164,1.2129368,1.1389312,1.1419232,1.0596151,1.0308957,1.1148758,1.0852218,1.115819,1.0574211,0.8442537,1.0370332,1.0805548,1.099974,1.1545317,1.3723916,1.0811544,1.0913239,1.0189105,1.0931392,1.0764169,1.0468662,1.0425596,nan
2,3553,1459056,52,123175,2.0326271,1.805715,1.3471427,1.2764936,1.3176305,1.2546022,1.1368644,1.3482624,1.1397335,1.1664492,1.1196404,1.105131,1.1951254,1.0775375,1.1467533,1.0985804,1.12834,1.1451276,1.0892354,1.0783554,1.1310545,1.1001471,1.1428913,1.0645008,1.1551582,1.1920921,1.1599542,1.1501469,1.3035294,1.2443708,nan
2,3554,1414053,67,95599,1.1553082,0.945984,0.7805879,0.6817397,0.6467957,0.64376,0.631489,0.6238771,0.644337,0.6873952,0.5871463,0.6087299,0.6457786,0.6238516,0.6083899,0.5991277,0.6455427,0.592881,0.5877663,0.5863274,0.5810351,0.5944498,0.5877109,0.611066,0.5867753,0.5834654,0.6712608,0.593361,0.5645057,0.598057,nan
2,3555,999344,64,70243,0.922547,0.7460311,0.610208,0.5839474,0.533458,0.5046604,0.588916,0.7165081,0.5171821,0.6024348,0.4882299,0.5454403,0.5088618,0.4651895,0.512208,0.5230313,0.5807568,0.4796603,0.5184819,0.5120449,0.497003,0.4611842,0.4661644,0.4625038,0.4249261,0.4572229,0.485217,0.4392728,0.4641948,0.4737042,nan
2,3560,1201249,52,103075,1.6545859,1.4788593,1.1318394,1.1860741,1.1011726,1.0285937,0.9652745,1.0239398,1.0477579,1.0649837,0.9445326,0.8934472,1.0198208,1.0080903,1.0271037,0.9451587,0.8596638,0.9291889,0.9667832,1.0558431,0.8643814,1.024436,0.8715912,0.9878948,0.9305081,0.9262029,0.8844334,0.8567726,0.9151392,0.9055893,nan
2,3565,1579541,23,260410,1.3657399,1.7885622,1.2812582,1.0626401,1.1433909,1.0334283,1.0588372,0.9730837,1.0216846,0.9494435,0.9332131,0.9962109,0.9380809,1.0367933,0.950673,0.9036479,0.903762,0.8708003,0.9372605,0.8986106,0.9506055,0.952564,1.0119413,0.9216996,0.9097559,0.9183975,0.8949604,0.8928139,0.8110718,0.9448412,nan
2,357,1667520,48,151759,0.3624818,0.2749656,0.2316561,0.2360931,0.2059793,0.2071919,0.2061608,0.2029646,0.2709231,0.1911404,0.1883766,0.1848361,0.200594,0.180494,0.1856156,0.2123732,0.1866265,0.1787834,0.1874098,0.1774854,0.1776897,0.1763536,0.1788155,0.1899407,0.243904,0.2408133,0.1766367,0.1709862,0.1746095,0.1754084,nan
2,3572,817325,75,49687,1.5029265,1.1188561,0.8759072,0.9012379,0.7199472,0.8467873,0.8793666,0.8274803,0.7659092,0.8715676,0.8206364,0.7046027,0.7267269,0.721939,0.7608292,0.7757546,0.8040794,0.8285002,0.7979395,0.72023,0.7899567,0.7498354,0.7394094,0.7429529,0.7707254,0.7329177,0.7821362,0.7864723,0.7908791,0.7481823,nan
2,358,904759,61,67420,0.2699634,0.200079,0.1754705,0.1780159,0.1798746,0.1672274,0.2042251,0.161963,0.1928953,0.1607707,0.1598246,0.1669758,0.1650177,0.1508604,0.1599926,0.153681,0.1627149,0.1584283,0.1511541,0.1657626,0.1641613,0.1551151,0.1515849,0.1563932,0.1525595,0.2052406,0.152257,0.148588,0.1521504,0.1473193,nan
2,3587,1284718,15,313840,1.0140268,1.7014943,1.1695144,0.9210169,0.8136259,0.8064031,0.8085219,0.8273111,0.8036139,0.7285441,0.8186323,0.7482569,0.761163,0.7188092,0.7475767,0.8043941,0.742347,0.7592574,0.7080244,0.7350556,0.7304904,0.7670166,0.7254964,0.71501,0.6413229,0.7250618,0.825572,0.6846947,0.7166352,0.7233796,nan
2,3610,1573244,25,249535,1.3416701,1.8134115,1.4528634,1.2194893,1.1344363,1.1050972,1.1095928,0.9932024,0.943238,1.0135005,0.9773102,0.9869193,1.0071621,0.9805807,0.9595567,0.9120597,0.9733144,0.9423671,0.9752257,0.8867517,0.9654307,0.7122549,0.9339064,0.9420559,0.9230955,0.8888972,0.9740612,0.8384991,0.897593,0.9040504,nan
2,3622,1009418,18,197569,0.5053324,0.6165037,0.4496935,0.4148102,0.3781676,0.3780822,0.4018284,0.3754339,0.3589297,0.3886302,0.3680535,0.3466015,0.359413,0.3436187,0.3484169,0.3372176,0.3456209,0.3844072,0.4711692,0.341735,0.4065108,0.3351513,0.3446187,0.3226879,0.3335015,0.3265658,0.443335,0.3379405,0.330854,0.3271376,nan
2,3623,124119,96,6100,0.3152477,0.1782848,0.153383,0.1449655,0.1391852,0.1385883,0.1493677,0.1370576,0.1335256,0.1395052,0.1352105,0.1300773,0.1051909,0.1373218,0.1375042,0.1330853,0.1220547,0.1301866,0.128982,0.1277046,0.1327242,0.12002,0.132256,0.1362419,0.1353133,0.1320847,0.1289667,0.1335462,0.1237432,0.1328166,nan
2,3650,372441,77,22492,0.4291016,0.2751642,0.236976,0.2354313,0.2181233,0.2160355,0.2061839,0.2001755,0.1846443,0.1769397,0.1807917,0.1776176,0.1733488,0.1760896,0.1667397,0.1758675,0.1773498,0.1772648,0.178968,0.172335,0.1725034,0.1727575,0.1643991,0.1671042,0.1723014,0.1656084,0.1741885,0.1593906,0.1812259,0.1713207,nan
2,3652,248633,19,53524,0.2880773,0.2712216,0.2118335,0.2123628,0.2034565,0.200902,0.1924624,0.2207388,0.1900745,0.1931695,0.1958969,0.1915289,0.1796314,0.1857186,0.1781192,0.1620436,0.189444,0.1849371,0.1933026,0.183602,0.203302,0.2066533,0.1883113,0.1900233,0.1729945,0.1893336,0.1894206,0.1866057,0.1841594,0.1812849,nan
2,3666,169816,29,26668,0.2607452,0.2079796,0.1299128,0.1545003,0.1443531,0.1486517,0.1398585,0.1439656,0.1362027,0.1348152,0.1370262,0.1346704,0.1385126,0.1371321,0.1430757,0.1407796,0.0824094,0.1441656,0.1290137,0.1320188,0.1359171,0.155724,0.1311908,0.1267569,0.1364394,0.1331733,0.1333491,0.132991,0.1331577,0.1291549,nan
2,3666,23295,78,1432,0.1014904,0.0408296,0.0398363,0.0389212,0.0380801,0.0362249,0.036045,0.0358283,0.0353946,0.035024,0.0321227,0.0243506,0.0294568,0.0365662,0.0361688,0.0329289,0.0341189,0.0344293,0.0341336,0.033626,0.0338768,0.0345703,0.0355615,0.0335991,0.0340701,0.0343938,0.0350458,0.0335022,0.0330825,0.0358789,nan
2,367,1685026,65,116485,0.7466886,0.5889076,0.5424482,0.5169111,0.4988689,0.4735733,0.3904279,0.4797434,0.5175398,0.4346707,0.4544301,0.4408445,0.4655489,0.4567879,0.4308491,0.4267039,0.4791627,0.4209803,0.4394078,0.4081474,0.4250465,0.4312186,0.4171993,0.4209084,0.4168723,0.4104421,0.4006116,0.4276805,0.4277846,0.5076713,nan
2,3674,1940296,93,93895,1.9782503,1.6048447,1.2641874,1.2560395,1.0385903,0.9627601,0.9885609,1.0191558,1.1032686,0.9764343,0.9033326,0.9813447,1.0149243,0.9379086,1.0050577,0.9731912,1.0480958,0.9260147,0.9601162,0.9424183,1.1647468,1.272591,0.9583048,0.955393,0.9028485,0.9600323,1.0732946,0.9502024,1.1661568,0.9152042,nan
2,3686,1148359,92,57880,2.3806436,1.8753418,1.5759869,1.4549848,1.5357094,1.1946216,1.2945399,1.2819268,1.2569588,1.2698718,1.3171425,1.0880649,1.2571213,1.2956501,1.1533254,1.125664,1.2219469,1.2113291,1.2998212,1.2162487,1.4159006,1.3450636,1.226072,1.1556299,1.1840175,1.1715977,1.1161467,1.1660712,1.1720015,1.1387245,nan
2,3701,55486,43,6016,0.1113182,0.0600883,0.0607962,0.0619663,0.0592637,0.0579479,0.0573174,0.0562776,0.0550667,0.0598389,0.0507646,0.0345867,0.0434214,0.0492231,0.0484949,0.0478089,0.048151,0.0461214,0.0518397,0.0471075,0.0265587,0.0501996,0.048698,0.0262254,0.0481982,0.0492497,0.0499673,0.0480609,0.0481112,0.0486727,nan
2,3705,1590561,49,148138,1.9879597,2.34396,1.5767596,1.3816921,1.3333128,1.353101,1.1891932,1.2560942,1.1399428,1.2894467,1.1008045,1.1309883,1.1827736,1.1790422,1.2018681,1.0758182,1.1674233,1.0586007,1.2222927,1.1266824,1.2539945,1.4295872,1.2158799,1.0493815,1.1636266,1.0573883,1.184354,1.1062553,1.1546074,1.0746508,nan
2,3714,658373,79,38971,0.7200854,0.4606071,0.374979,0.3789724,0.3311714,0.3202266,0.3253337,0.3086652,0.3513287,0.3106453,0.3264784,0.3109429,0.3102503,0.2998333,0.3036145,0.3023,0.3119959,0.3206201,0.3243474,0.299104,0.3093421,0.3123034,0.3115763,0.302223,0.3105033,0.3019365,0.2931719,0.3052663,0.289334,0.2953682,nan
2,3728,243607,61,18517,0.2608878,0.1551221,0.1493364,0.1388398,0.1383551,0.134785,0.1319168,0.1336893,0.1401835,0.1365515,0.13623,0.1316744,0.1145968,0.1183311,0.1122199,0.1164332,0.1206998,0.1124828,0.107259,0.1150511,0.1138317,0.1082057,0.1215507,0.1192022,0.1079126,0.1256004,0.1156364,0.1079556,0.1198644,0.1078875,nan
2,373,1478223,19,293374,0.318876,0.2637955,0.2910687,0.2347188,0.2265728,0.2301842,0.2137993,0.1274947,0.2005008,0.2002697,0.1992446,0.2013376,0.1950651,0.1957224,0.1914846,0.1882945,0.1775062,0.1801303,0.1829381,0.1799603,0.1851014,0.1865108,0.2548899,0.1779645,0.1789831,0.1777268,0.1783613,0.1796209,0.183567,0.1856732,nan
2,3736,1338401,47,125002,1.8591342,1.7473795,1.3464612,1.229392,1.1489175,1.1101737,1.1270703,1.0798237,1.0720984,1.1084307,1.0027103,1.0631639,1.0012071,0.9774906,1.0650894,1.0013543,1.1053822,0.9746133,1.0986421,1.0067577,1.0495062,1.015824,0.9802784,0.95868,0.9783111,1.0439275,0.9856724,1.0117301,0.9281531,1.0180338,nan
2,3739,1846705,43,179389,2.022482,2.9059939,1.6341164,1.6080778,1.6208321,1.4098658,1.4288579,1.3700401,1.4624077,1.2863693,1.2146431,1.3939705,1.2991328,1.2664046,1.4217213,1.3008236,1.2853253,1.3176603,1.2185062,1.3178056,1.2348429,1.3024242,1.2289743,1.1980651,1.265626,1.2065874,1.3199184,1.2710438,1.2355631,1.2698827,nan
2,3742,1515533,83,83665,2.8415313,1.9537052,1.9416954,1.6267764,1.6737416,1.6554708,1.6175366,1.5924344,1.4668303,1.4837201,1.5438115,1.6221378,1.4706444,1.4217509,1.5353488,1.4343532,1.5218792,1.4059775,1.4932783,1.4196109,1.4532726,1.446319,1.3991157,1.4825787,1.4996099,1.525177,1.339978,1.4798422,1.421886,1.5078202,nan
2,3761,1498928,32,193915,1.4757066,1.9200213,1.3812595,1.1985382,1.2382506,1.0648978,1.1035105,1.0231759,1.0577056,1.0873203,1.0291724,0.9687561,1.0146218,0.9525333,1.0013212,0.9638682,1.057737,0.9165832,0.9334667,0.9268235,0.9990962,1.000558,0.9201219,0.9760267,0.9447085,0.9381678,0.9247032,0.9647567,1.0434909,0.977195,nan
2,3764,1069363,28,163264,1.0424683,1.3376562,0.8395877,0.8994193,0.8534017,0.7935293,0.8157717,0.778721,0.6747473,0.7270262,0.7579504,0.7149012,0.7853155,0.7032197,0.7830459,0.7036927,0.7465109,0.7047711,0.7407305,0.5970039,0.7104668,0.8071942,0.68912,0.7429761,0.5909453,0.6806403,0.7253691,0.7340819,0.7043985,0.6662276,nan
2,3777,861276,40,93199,0.5925212,0.5943839,0.4447046,0.3975485,0.3626046,0.464551,0.337605,0.351717,0.3351174,0.3276541,0.3418725,0.3525111,0.4205462,0.3532295,0.3425322,0.3499019,0.349199,0.3151641,0.3267927,0.3120459,0.3098065,0.3273346,0.3236634,0.3274087,0.3092257,0.3152872,0.31907,0.3176213,0.3175545,0.3237286,nan
2,3780,953592,62,68017,1.680972,1.2706819,1.0301554,0.9937926,0.8511852,0.8995403,0.9204922,0.880497,0.8252027,0.9331278,0.8759168,0.89456,0.8557728,1.0463179,1.1114338,0.8762351,0.7998735,0.8898716,0.8012496,0.8815902,0.8417018,0.8447265,0.8478922,0.8643411,0.901668,0.7866495,0.8602796,0.7813531,0.6533331,0.8315374,nan
2,3798,512875,41,55921,0.3861753,0.3131388,0.2610463,0.234679,0.2341538,0.2210979,0.1900148,0.19648,0.1921378,0.1904895,0.1886491,0.1898949,0.2013663,0.1929222,0.1785086,0.1902007,0.1901902,0.1885928,0.1792652,0.1764298,0.1920179,0.1783375,0.1826051,0.187209,0.1765624,0.1758991,0.1910635,0.1801862,0.1742708,0.1880039,nan
2,3799,1711270,25,269323,1.4939454,2.0645711,1.4029162,1.323151,1.2094322,1.1814131,1.0850703,1.1288003,1.0587472,1.1177665,1.0636846,1.0823087,1.0590347,1.0415866,1.0828882,1.132164,1.050329,0.980869,1.0363493,0.9921709,1.0444855,1.0441853,0.9889518,1.0312811,0.9669678,0.9896562,1.0064612,1.0343215,1.0079277,0.9517457,nan
2,380,1477223,37,171043,0.2620804,0.2313755,0.3021504,0.2193517,0.2071502,0.2062421,0.2026567,0.1840762,0.1834195,0.1972888,0.1819581,0.1810619,0.1773312,0.1763609,0.2533747,0.2279267,0.1714745,0.1724346,0.1788396,0.1735724,0.1734625,0.1764284,0.1756972,0.1702541,0.1755172,0.1732333,0.1677109,0.1661763,0.1694326,0.1679249,nan
2,3802,152789,57,12547,0.3418841,0.2042268,0.1979254,0.1881818,0.1242635,0.1525908,0.1479108,0.1528314,0.1429501,0.1449842,0.1412592,0.137224,0.141164,0.1539074,0.1332896,0.1361467,0.1366845,0.148701,0.1049032,0.1144668,0.1354063,0.1401967,0.1417703,0.1432804,0.1600081,0.1487975,0.1410237,0.1337222,0.1461201,0.1347142,nan
2,3810,228156,29,35095,0.1769001,0.1416635,0.0957172,0.0936121,0.0913283,0.0866891,0.0880646,0.0854594,0.0818136,0.0820915,0.0831552,0.0820155,0.0891386,0.0853787,0.0867497,0.0846709,0.0827908,0.0829918,0.0838014,0.0826174,0.081323,0.0845233,0.0844636,0.0862391,0.0816924,0.0854761,0.0808607,0.0837454,0.0818707,0.0790252,nan
2,3813,1378286,54,111967,1.8696527,2.0973298,1.4053685,1.3113393,1.1781748,1.2863262,1.1674796,1.1841451,1.1204888,1.1868954,1.1584278,1.1122828,1.1370595,1.1069559,1.201008,1.1272891,1.1659495,1.154922,1.1661295,1.1684592,1.1475563,1.0697928,1.1586488,1.1250537,1.0293313,1.1052197,1.011863,0.9772891,1.0260311,1.0229713,nan
2,3816,390915,23,73321,0.49387,0.4284323,0.3489706,0.35381,0.3179492,0.3197873,0.3033052,0.2878771,0.297166,0.286514,0.2821255,0.2791361,0.296414,0.2903891,0.2820097,0.2985521,0.2702048,0.3001332,0.2820352,0.2769021,0.2916099,0.2778412,0.2721259,0.2715775,0.2898287,0.2719518,0.2736401,0.2831777,0.2846046,0.2943681,nan
2,3818,1128638,73,70984,1.7891068,1.5717219,1.2680688,1.2380351,1.1846497,1.1912758,0.9838322,1.1205838,1.0770785,1.1539818,1.0790389,1.0730243,1.0943947,1.1604978,1.0677885,1.1012361,1.0481146,1.061424,1.0315248,1.1464037,0.9959222,1.1030025,0.9827978,1.0585304,1.1277603,1.0788657,1.0776622,1.0513733,1.0103001,1.0583918,nan
2,3834,351207,33,45907,0.4958259,0.3666495,0.3477115,0.3239167,0.2934815,0.3108757,0.2957828,0.294518,0.2756192,0.2728522,0.2854664,0.2747755,0.3025445,0.2721089,0.2789692,0.27823,0.2742713,0.2759225,0.2959942,0.1998637,0.2762521,0.2797091,0.2984549,0.27821,0.2855486,0.265405,0.2803718,0.2744106,0.2731162,0.2662736,nan
2,3841,1812728,91,90313,1.7149923,1.7116237,1.2651659,1.0779285,1.0238894,1.017987,0.9785232,0.9346195,0.8958371,0.9019409,1.0016526,0.9480582,0.9304137,0.868483,0.9014901,0.8910605,1.0186033,0.8515231,0.9878461,0.8362129,0.8634813,0.9213823,0.8286301,0.9631164,0.8187409,0.9497863,0.8929393,1.0430055,0.8404567,0.8566184,nan
2,3845,1350421,24,243967,1.278449,2.0395695,1.1449051,1.0171646,0.9453865,0.958535,0.9283886,0.9406946,0.8874614,0.8655324,0.8714988,0.7725229,0.839429,0.8257054,0.8012384,0.9109921,0.8322481,0.8415749,0.840318,0.9797237,0.8073367,0.7922747,0.8417109,0.918708,0.7569546,0.7914491,0.7562535,0.7804554,0.7948709,0.9829715,nan
2,3855,1468450,15,344881,1.1933916,1.7856238,1.4169987,1.1573562,1.0174836,1.0070374,0.9624674,0.9782818,0.9662157,0.8042267,0.864278,0.8482927,0.8844759,0.8688894,0.8363306,0.8606319,0.9046174,0.8345631,0.8504195,0.8470807,0.8485407,0.8446938,0.8869839,0.9592946,0.8416066,0.8380502,0.8026937,0.8374694,0.835065,0.8081438,nan
2,3862,1408896,98,66532,3.1055405,2.1167549,1.8734615,1.7410666,1.7600466,1.623241,1.6798692,1.7713087,1.6907119,1.4950411,1.394398,1.5264983,1.5359199,1.5949053,1.6042021,1.4181076,1.5262683,1.5147362,1.4857996,1.4424989,1.6205938,1.4895612,1.5358641,1.8810872,1.4606328,1.3968315,1.4782096,1.6695283,1.3940109,1.5282458,nan
2,3879,1009380,75,60103,1.8381416,1.3047475,1.2055832,0.9706706,1.1023242,1.015113,1.1551821,0.8645304,1.0376927,0.9628722,1.0113951,0.9103306,0.9816742,1.0087757,0.9688054,1.0034292,1.0225713,0.8855377,0.9278984,1.0147836,0.9576097,1.0169371,0.9867846,1.0068813,0.9699238,1.0225723,0.9474479,0.9914951,1.035173,0.9882074,nan
2,389,1813231,41,186517,0.5741989,0.4817202,0.4565028,0.4391859,0.4078703,0.4031114,0.3874658,0.3793216,0.3756032,0.3544784,0.3614791,0.3323635,0.3330506,0.3493176,0.3400219,0.3432571,0.3267287,0.3618458,0.3403435,0.433921,0.3297572,0.3382789,0.3373407,0.3272067,0.3773636,0.327636,0.3580952,0.3348333,0.3573205,0.3375335,nan
2,3899,1857302,95,89551,3.5532538,2.9612423,2.4788838,2.1731819,2.1402799,1.9947547,1.9962964,1.9896762,2.0101883,1.9092502,1.9531654,1.8837628,1.9560094,1.9563711,1.8585766,1.824529,1.8381151,1.963561,1.786983,1.9320177,1.8645603,1.7425106,1.8049772,1.8987422,1.8400579,1.9241781,1.833585,1.8598654,1.8159877,1.935979,nan
2,3903,1023287,51,85807,1.421634,1.307966,1.0403044,0.9745293,0.9638421,0.9460456,0.8732373,0.9045191,0.9262984,0.9485611,0.9004548,0.9003533,0.886984,0.8440495,0.8482096,0.9203166,0.8295373,0.8476676,0.8221234,0.7825097,0.8671506,0.8498534,0.8257473,0.8641316,0.8473873,0.7895027,0.8134754,0.7909126,0.8489241,0.8469154,nan
2,3912,1103852,66,77959,2.0836696,1.8193234,1.3316104,1.1157022,1.1390162,1.0869512,1.0772019,1.0730519,1.0567255,1.0385054,1.0868557,1.0112683,1.0337656,0.9596384,1.0237659,1.0098855,1.0192631,1.1075006,0.9905694,1.0414184,0.8310134,0.989986,0.9980678,0.9553073,1.0338945,1.1403252,0.9517563,1.0272493,0.9189676,0.9837778,nan
2,3913,574011,30,82918,0.3530086,0.3472916,0.2931378,0.2622082,0.2598746,0.2612663,0.2441218,0.2446205,0.222296,0.2335485,0.2139957,0.2214712,0.2190426,0.2154279,0.2233474,0.2184988,0.2115895,0.2222448,0.2178455,0.2380519,0.2251276,0.2193057,0.2269212,0.2119425,0.2188486,0.2312679,0.2177932,0.2229288,0.2125042,0.2065449,nan
2,3915,1153341,84,63124,1.1980759,0.8193637,0.7076244,0.6260677,0.7314544,0.6092946,0.6457219,0.584016,0.5914581,0.6012827,0.6217634,0.6415958,0.6099697,0.7244654,0.5382324,0.6484681,0.5897743,0.5577802,0.5750654,0.5746346,0.6540372,0.5598042,0.6568639,0.5647661,0.5347576,0.5770624,0.5551225,0.5718111,0.5542469,0.5589734,nan
2,3919,663367,41,71689,0.9513562,0.8907448,0.6808888,0.6566816,0.6269489,0.5854957,0.5858214,0.5685471,0.5578304,0.5568631,0.56016,0.534203,0.5588948,0.5063824,0.5468369,0.5151585,0.5733007,0.5482306,0.5474577,0.5421412,0.5408081,0.545036,0.5079439,0.5565279,0.5197364,0.5079758,0.4840119,0.5045577,0.5332842,0.5112489,nan
2,3924,416622,51,37726,0.794753,0.5646504,0.4294759,0.4365532,0.4344027,0.3852903,0.4153288,0.3662852,0.3761819,0.353576,0.3704984,0.3427909,0.3479983,0.3515784,0.3430679,0.2881877,0.336594,0.3539516,0.3271931,0.3592796,0.3371039,0.3368173,0.3639711,0.3717059,0.3297487,0.3341515,0.3510656,0.3474987,0.3808293,0.3587044,nan
2,393,644652,24,112786,0.2231659,0.2175354,0.1948327,0.1591802,0.144718,0.1513952,0.1510025,0.1465835,0.1443887,0.1466507,0.143562,0.1423777,0.0884703,0.1362806,0.133413,0.14517,0.0898563,0.1310583,0.1307857,0.1322893,0.1357433,0.1415931,0.1362822,0.1308518,0.1064499,0.1290697,0.1314558,0.1374693,0.133961,0.1273572,nan
2,3944,1192377,71,76591,2.236079,1.9446791,1.4706234,1.4165412,1.0537315,1.1893892,1.2366828,1.2060912,1.2768525,1.1670475,1.1311221,1.0703901,1.0983624,1.077013,1.1305439,1.1891284,1.0827906,1.1078291,1.0885045,1.1621939,1.0680078,1.0360318,1.1421855,1.1355321,1.0352676,1.1091379,1.0811514,1.1703265,1.0866699,1.0489357,nan
2,3951,157874,94,7819,0.3780961,0.2485418,0.2272667,0.2529079,0.2279506,0.2145523,0.2230802,0.2165005,0.2229748,0.2174946,0.1582954,0.1794993,0.1966015,0.1910435,0.1808478,0.1934517,0.1940895,0.1887578,0.1767365,0.2128549,0.1874131,0.1858455,0.1809372,0.181111,0.1788933,0.1836001,0.1765267,0.1775989,0.1764655,0.1922542,nan
2,3953,485806,91,24856,1.1198369,0.6503821,0.5954101,0.5893517,0.598521,0.5849351,0.5095522,0.5654831,0.5444439,0.5270672,0.49265,0.5467406,0.5180463,0.501962,0.4588232,0.5085633,0.5446953,0.5183354,0.5244752,0.5383175,0.4919354,0.5038398,0.479969,0.4904028,0.4901525,0.51156,0.4719419,0.5075315,0.54666,0.5070467,nan
2,3958,1291000,38,148330,1.4561485,1.5957197,1.3153398,1.0186305,1.0220157,0.9409236,1.0074991,0.9416357,0.9010402,0.8937614,0.9167017,0.9717389,0.8854823,0.9541,0.8716151,0.8430088,0.8915488,0.895819,0.865162,0.8804014,0.85092,0.8230743,0.9159337,0.8960105,0.883636,0.8259836,0.8641564,0.8427485,0.9553858,0.8708902,nan
2,3966,50794,13,16237,0.0571787,0.0397369,0.0323664,0.0323959,0.0368823,0.0362982,0.0324955,0.0305404,0.033479,0.0328346,0.0324088,0.0314317,0.0311542,0.0318139,0.0334978,0.0343033,0.031018,0.0304025,0.0314364,0.034333,0.0345432,0.0309153,0.0308045,0.0346364,0.0334634,0.0329769,0.0312079,0.0320503,0.0338608,0.0340676,nan
2,3979,1334636,49,124207,0.9844466,1.0110181,0.7204452,0.6413464,0.5796651,0.5658899,0.5456412,0.5282967,0.5042514,0.5415681,0.5195626,0.5605632,0.7140689,0.6004898,0.5095474,0.5018393,0.509917,0.5125318,0.4831294,0.5231645,0.5817128,0.5138526,0.5116064,0.4891817,0.5015979,0.5134633,0.4834226,0.5113072,0.5077426,0.485262,nan
2,3983,1411589,95,68242,2.9081326,2.0771785,1.8705938,1.7068845,1.6107696,1.5750434,1.527234,1.6749369,1.5309479,1.5193794,1.5196644,1.5265314,1.4830162,1.4408063,1.4945418,1.5122875,1.5572078,1.5506103,1.4261466,1.5734928,1.5423382,1.4002932,1.4652216,1.3625978,1.6159414,1.5085937,1.4643522,1.546398,1.4520276,1.59913,nan
2,3984,1796956,87,92521,3.5495273,2.7384967,2.2287081,2.2181636,1.9517887,1.9474436,2.0892002,1.8031991,1.9476938,1.9207557,1.8690027,2.0073685,1.7749522,1.9161715,1.9060538,1.7757354,1.9642966,1.8320657,1.7170123,1.8191659,2.0720942,1.7901009,1.9516051,1.8232933,1.9022477,1.7857377,1.89611,1.7601885,1.9399914,1.8406843,nan
2,4011,83980,22,17269,0.1381349,0.0955291,0.0869484,0.0537696,0.0752791,0.0744576,0.0721553,0.0725202,0.0709098,0.0712228,0.0728416,0.07328,0.0801447,0.0724775,0.0711683,0.0726122,0.070322,0.0885649,0.068906,0.0677133,0.0714531,0.0713976,0.0658066,0.0710664,0.0695706,0.0514604,0.0703327,0.0696999,0.0700674,0.0692941,nan
2,4020,570589,79,33055,1.1799047,0.8265345,0.740947,0.7045026,0.5831877,0.6683641,0.5443557,0.653658,0.6066342,0.5630317,0.5880905,0.6250421,0.5789629,0.5926846,0.5371448,0.5895704,0.5930255,0.5500592,0.5931314,0.5971801,0.5842049,0.5430845,0.6021808,0.5560408,0.5626329,0.5364136,0.5886245,0.5635529,0.5555878,0.5756795,nan
2,4032,396386,96,19345,0.468631,0.2740682,0.2377957,0.2347156,0.2162033,0.2019126,0.2035763,0.2003144,0.2012147,0.1908991,0.1969584,0.1971236,0.1839301,0.1908604,0.189452,0.1910808,0.1901904,0.1725701,0.1823877,0.1840875,0.1928677,0.2009053,0.1964832,0.1941173,0.1913738,0.1890407,0.1981542,0.1844693,0.187519,0.1930569,nan
2,4033,264009,90,13642,0.6130405,0.364216,0.3176961,0.3164793,0.3093465,0.321238,0.3347916,0.3340699,0.3149452,0.3193067,0.3074486,0.3144125,0.313812,0.3106999,0.2659701,0.2753204,0.3182757,0.2621067,0.2837203,0.2783246,0.2850431,0.2660998,0.2742079,0.2791557,0.283681,0.310625,0.3231774,0.3176871,0.2984948,0.2927993,nan
2,405,254344,36,30346,0.139523,0.1453344,0.1278176,0.1159547,0.1177678,0.0834438,0.105584,0.1220386,0.1010471,0.0944155,0.1016171,0.095726,0.0730687,0.0967106,0.0930964,0.0916649,0.0952508,0.0937964,0.0904162,0.0938711,0.0703212,0.0875989,0.0881232,0.0970952,0.0827105,0.0847558,0.1069329,0.0889224,0.089204,0.0800068,nan
2,4064,186901,12,64018,0.2546997,0.1299016,0.19029,0.1683668,0.1652361,0.1611768,0.1800242,0.1594894,0.1100165,0.157242,0.1580189,0.1557012,0.156684,0.1515268,0.1461553,0.1531814,0.1560055,0.1483826,0.1499668,0.1511308,0.1513386,0.1534665,0.1498219,0.1720742,0.1376483,0.1440259,0.1419249,0.147043,0.1436166,0.1484948,nan
2,4100,467929,49,43123,0.7695634,0.5946964,0.5402501,0.4408185,0.4356552,0.4114548,0.4235204,0.4006766,0.4446465,0.4070117,0.3915512,0.3855116,0.3762603,0.3808315,0.3825247,0.3817584,0.3835603,0.3929547,0.3891179,0.3832514,0.3749206,0.3924957,0.3815339,0.3918093,0.250133,0.3874013,0.3932052,0.3943014,0.3974843,0.390257,nan
2,4107,1385301,53,117817,2.0519871,1.8350335,1.4109136,1.3432971,1.2356778,1.203041,1.1957906,1.1896751,1.1702489,1.190394,1.0909697,1.1628501,1.1954826,1.1384002,1.1947608,1.100826,1.1669377,1.0656988,1.1428186,1.125928,1.1005931,1.1168631,1.1444346,1.1495971,1.0615877,1.1329192,1.0713981,1.1476724,1.0870587,1.0515756,nan
2,4112,47375,11,17950,0.1038027,0.0647487,0.0621085,0.0617042,0.060794,0.0579098,0.0592519,0.0763869,0.0548898,0.0547222,0.0544937,0.0567465,0.0565154,0.0584268,0.0579744,0.0544241,0.0574695,0.0554199,0.0557182,0.0535117,0.0558156,0.0600444,0.0554016,0.0564471,0.0558079,0.0572445,0.05761,0.0566306,0.0558555,0.0549496,nan
2,4120,327996,40,37648,0.4891686,0.3680697,0.3071959,0.3192641,0.2644848,0.2945959,0.2884146,0.2820815,0.2398274,0.2804837,0.2831801,0.2597245,0.2691577,0.2640273,0.2644698,0.2518383,0.1229651,0.2387379,0.2505161,0.2568827,0.2911559,0.2863039,0.2707138,0.2713828,0.2689755,0.2659735,0.2491306,0.2479962,0.2689334,0.2537761,nan
2,413,782694,67,54136,0.5005186,0.3902784,0.3553753,0.3099958,0.319947,0.3311061,0.3115383,0.3340306,0.3185904,0.3051846,0.2964555,0.3139646,0.2892213,0.3348637,0.2940426,0.2828476,0.2328758,0.2920637,0.2974854,0.2944448,0.3273145,0.2776366,0.2860013,0.2836859,0.2947148,0.2820026,0.2760747,0.2770495,0.279375,0.2722554,nan
2,4130,1896231,18,385042,1.5223637,2.4568329,1.8361897,1.5094323,1.2490737,1.2412431,1.1783167,1.1805191,1.2005925,1.1258949,1.2383862,1.1262486,1.0931152,1.2243672,1.4166495,1.1879181,1.1340907,1.2212723,1.0737893,1.3797479,1.3448268,1.0430168,1.0914976,1.0887123,1.0493369,1.1723464,1.0934041,1.0392744,1.0174541,1.0943105,nan
2,4131,1276552,43,128866,1.560945,1.7097567,1.3246246,1.2221009,1.0904594,1.0600445,1.0095471,0.9846519,1.0783929,1.0410039,1.0197066,1.0422796,1.0746047,0.9498613,0.9884193,0.9586784,0.9204309,1.0212253,0.9614758,0.9428872,1.0221296,0.9999807,0.9840835,0.9394973,0.9588659,0.879493,0.9662104,0.9367507,0.9924546,0.8837446,nan
2,4154,1990452,97,91609,3.934384,3.3637149,2.5249986,2.3128451,2.3913365,2.1968077,2.2409248,2.30666,2.2781113,2.2168866,2.1528009,2.2462362,2.2309485,1.9066329,2.0539784,1.982476,2.4093071,1.995705,2.0975647,2.0593593,2.1176753,2.114208,2.0460445,2.0796527,2.0750813,2.0657231,2.2457939,1.9275433,1.9827317,2.0243991,nan
2,4157,434646,16,110002,0.507721,0.5273479,0.4345162,0.3691417,0.3672582,0.3522768,0.3324443,0.3329833,0.3415531,0.3338886,0.3548702,0.3172932,0.3231313,0.3234831,0.3220572,0.3348986,0.3031182,0.3014436,0.3166394,0.3029395,0.3239062,0.2988911,0.3066558,0.3116619,0.303638,0.3082893,0.3053942,0.2909395,0.3032696,0.3119778,nan
2,416,1031116,98,48130,0.690401,0.5732083,0.5486503,0.5249725,0.5432489,0.5514106,0.5071551,0.4915421,0.4691464,0.4787151,0.4610739,0.5041137,0.5027773,0.4535738,0.4710772,0.4729696,0.4907167,0.4768962,0.4812412,0.5484878,0.4600087,0.4731102,0.4846968,0.4549129,0.4641921,0.4620296,0.4874782,0.4628368,0.4692252,0.5745811,nan
2,4166,1968517,49,171694,2.6849806,2.6812208,1.9132582,1.7266209,1.8011444,1.5960593,1.6893912,1.5628306,1.5524629,1.5149959,1.6321122,1.4419855,1.4741371,1.5293086,1.4159705,1.4528878,1.5889408,1.4312825,1.4050418,1.6269886,1.8434342,1.4434971,1.4469091,1.4180086,1.4137999,1.5936206,1.4930397,1.3207751,1.4912999,1.6463446,nan
2,420,24065,74,1567,0.0246627,0.021658,0.0217546,0.0241983,0.0223829,0.0225518,0.0217348,0.0224999,0.0246291,0.0241543,0.0234284,0.0269657,0.0224999,0.0255511,0.0229904,0.0236597,0.0218328,0.0222046,0.0234178,0.0228117,0.0219147,0.0219396,0.0224715,0.0250153,0.0222652,0.025308,0.0243246,0.0249564,0.0207779,0.0215378,nan
2,4213,1479878,56,117316,1.1437157,1.2914558,0.828198,0.742117,0.7498247,0.7226078,0.6791092,0.6206108,0.6802692,0.6364798,0.6317275,0.6664793,0.6310866,0.7320867,0.6281914,0.6718518,0.623501,0.6383521,0.6213817,0.6140674,0.6912763,1.2223144,1.2250713,1.1985939,1.591614,1.3085403,1.4044495,1.1690663,1.1742852,1.3173436,nan
2,4214,1723891,86,91249,3.469185,2.694293,2.2271349,2.095914,2.0105341,2.0213571,1.8895559,1.9903896,1.8550755,1.9374132,1.7834319,1.7743824,1.8118215,1.839396,1.8530715,1.8318717,1.7880877,1.8631951,1.6718103,1.7769417,1.8306042,1.618074,1.7148732,1.6915125,1.7089461,1.8031654,2.0028533,1.8899645,1.7114153,1.7371303,nan
2,4243,254611,90,13174,0.6994542,0.3505649,0.3532086,0.3242334,0.323699,0.3137389,0.2906496,0.2950351,0.272317,0.3093029,0.2707819,0.2821531,0.286922,0.3079081,0.2949813,0.289148,0.2887812,0.2329329,0.286899,0.2861654,0.2872435,0.2681538,0.2840701,0.2887483,0.2803342,0.2783489,0.2940861,0.2992934,0.2890554,0.3080501,nan
2,4255,620345,82,35017,1.3532937,0.9661878,0.7551655,0.7583228,0.7562611,0.6688597,0.6886245,0.6992948,0.7230607,0.6903285,0.6915941,0.6820581,0.6059996,0.7112223,0.6715936,0.6442592,0.673115,0.7060192,0.6637878,0.6548139,0.6201285,0.6516988,0.6360546,0.6413611,0.6629229,0.6378214,0.6167717,0.5866427,0.6230438,0.667062,nan
2,4257,1913286,41,194962,2.2105834,2.6626568,1.8628892,1.6345208,1.7079638,1.5023268,1.5128345,1.5047667,1.3961402,1.4563057,1.3668602,1.3409853,1.4065937,1.5340915,1.3628976,1.4131408,1.3569863,1.3506271,1.4272421,1.6373891,1.3418919,1.4010648,1.3210179,1.4505878,1.3151847,1.5035773,1.3129118,1.4642088,1.3070084,1.4775283,nan
2,4258,75627,28,12295,0.1583521,0.092697,0.0911943,0.1050637,0.0808638,0.079519,0.0776267,0.1470368,0.0694992,0.0676269,0.0685465,0.0696821,0.070609,0.06677,0.0675723,0.0664182,0.0671179,0.0701769,0.068224,0.0677056,0.0696009,0.0668893,0.0671289,0.065128,0.0643098,0.0658152,0.0678839,0.0658034,0.0669392,0.0670252,nan
2,4261,682219,88,35530,1.5578372,1.0062664,0.8845941,0.8676019,0.7550154,0.8160884,0.753435,0.7218984,0.7879255,0.7874532,0.7646605,0.7902655,0.7456933,0.7277891,0.7420677,0.7621502,0.7877146,0.6865314,0.7763892,0.776659,0.7200363,0.7601725,0.6655723,0.7317932,0.6972004,0.6907151,0.721843,0.7317239,0.6606318,0.7066693,nan
2,4264,1161828,50,103981,1.7776264,1.4883442,1.2362383,1.1130439,1.0790868,1.0864845,1.0852037,1.0460485,1.0985046,1.0429989,1.0884665,0.9285133,0.980802,1.0023511,0.9427824,1.0328891,0.9845777,0.9428322,0.9792642,0.9073061,0.9963156,0.9135462,1.0057737,0.9563693,0.9621588,0.9508909,0.9125765,0.9686204,0.9057534,0.9378195,nan
2,4271,51243,64,3745,0.1472968,0.0870569,0.0977716,0.0869573,0.0870846,0.0881925,0.0920911,0.0873475,0.0831216,0.0903352,0.1109759,0.094043,0.0778631,0.0921098,0.0822765,0.0826209,0.0821412,0.0875141,0.0801495,0.0487472,0.0674729,0.0696652,0.0853103,0.0719908,0.0816837,0.0754425,0.0807147,0.0747633,0.0781809,0.0811875,nan
2,4281,1279230,26,218848,0.7040216,0.8851081,0.6739377,0.5459902,0.5387196,0.5024536,0.4996305,0.4608645,0.4329802,0.4454868,0.41672,0.4461163,0.4592603,0.4152368,0.4557881,0.4327778,0.4790514,0.422851,0.4873046,0.4146199,0.4178344,0.5075032,0.4190625,0.4071855,0.4100211,0.4708916,0.4070388,0.5030073,0.4284873,0.438395,nan
2,429,408797,84,22708,0.3083002,0.3411871,0.3148607,0.2923999,0.3159534,0.2652052,0.2795715,0.2696637,0.2524928,0.2601876,0.2716631,0.2843037,0.2604009,0.2707461,0.246336,0.2668181,0.2124771,0.2336009,0.2485429,0.2293996,0.251171,0.2453417,0.2613885,0.2500051,0.2086754,0.258682,0.2541293,0.2527702,0.2595673,0.2489851,nan
2,4296,181323,21,37828,0.2660218,0.215296,0.1506671,0.1564882,0.1485745,0.146327,0.1422317,0.140197,0.1431594,0.1400119,0.139069,0.1375493,0.1393974,0.1380753,0.1369054,0.1380459,0.1388974,0.1353461,0.1368657,0.139149,0.1539054,0.0942268,0.1600751,0.1585585,0.1426273,0.1410041,0.1343519,0.1367241,0.1342905,0.1366321,nan
2,4318,924190,29,140236,0.7521567,0.769054,0.4369474,0.3965466,0.4067649,0.3684931,0.3856,0.3481615,0.3336314,0.4492585,0.3371413,0.3302888,0.3362223,0.4254498,0.3298825,0.3346284,0.3173803,0.3526005,0.4724685,0.4415225,0.3239259,0.3238972,0.3157462,0.3311614,0.322213,0.3188606,0.3149842,0.3227839,0.3194589,0.3199749,nan
2,4329,673055,23,120643,0.7441481,0.8346002,0.6213511,0.5195151,0.4824594,0.5147166,0.5024619,0.4838683,0.4642514,0.4874383,0.5369595,0.4549127,0.4789956,0.475573,0.4528548,0.4487952,0.4665225,0.453099,0.4672124,0.4599135,0.4472444,0.4594487,0.4696865,0.4572154,0.4642845,0.4820815,0.4144281,0.4581066,0.3863335,0.3953596,nan
2,4347,1482428,37,180013,1.7974529,2.5030048,1.3848804,1.3522283,1.2185555,1.1589294,1.2021238,1.0786322,1.1284951,1.1048618,1.0668534,1.0763149,1.036345,1.1675474,1.0823643,1.1082271,1.0413085,1.0586487,1.0417706,1.0319543,0.9835235,1.04759,1.0276334,1.0460091,1.0989992,1.2711022,1.0418421,1.0010133,1.0231405,1.0212041,nan
2,4350,1962215,79,111592,3.7154272,3.3395667,2.4328315,2.3095363,2.1891484,2.1029585,2.1496042,2.0246487,1.8468747,2.0008077,1.916051,2.1360213,1.8059681,1.9051601,1.936233,2.0480148,1.9127479,1.8576341,2.0126303,1.953102,2.348161,1.9447311,1.894856,1.8473499,1.8493718,1.8087038,1.8746765,2.0506809,2.3313371,1.7961477,nan
2,4356,731982,62,54712,1.2764732,0.9468872,0.8306337,0.7470049,0.6626146,0.716786,0.6777004,0.6891509,0.6997988,0.6956495,0.6522323,0.6626539,0.6685643,0.6728244,0.6749568,0.6104123,0.6560553,0.6336207,0.5895904,0.6566513,0.611422,0.6103004,0.5737883,0.6159568,0.6256732,0.6949504,0.5857163,0.5481242,0.6377067,0.6478069,nan
2,4365,1369262,52,117379,2.102681,2.093163,1.3538174,1.341048,1.3111865,1.2476314,1.2213401,1.1975896,1.277589,1.214429,1.1897493,1.1235207,1.1605878,1.105741,1.276513,1.1723912,1.1654708,1.1319064,1.2231877,1.1091097,1.196517,1.2279419,1.1172658,1.2088552,1.0900939,1.1227708,1.1301526,1.1653313,1.1374559,1.1973878,nan
2,4366,595005,22,120769,0.66786,0.8485345,0.5663781,0.5022591,0.4300674,0.4456419,0.4370111,0.4360417,0.4236102,0.4222882,0.3707615,0.37986,0.4630961,0.4128393,0.4078402,0.4037157,0.4047402,0.4051456,0.3832606,0.3969475,0.3842051,0.3953615,0.3943329,0.4265933,0.3230151,0.3946479,0.3873621,0.3933931,0.3851941,0.406755,nan
2,4375,1743641,29,238132,1.7670531,2.1604092,1.6798747,1.3317025,1.2994904,1.4939018,1.2620893,1.3247586,1.2619681,1.3311217,1.2235814,1.2039024,1.2874625,1.2403872,1.2180906,1.1643764,1.3119414,1.1660152,1.2915009,1.2293584,1.3446604,1.2004556,1.1818423,1.1395144,1.1779285,1.147543,1.2261392,1.119562,1.1741051,1.4221537,nan
2,4385,1227695,81,70633,2.443364,1.8307771,1.5176843,1.4313937,1.3280625,1.1949094,1.2895206,1.3283494,1.2509729,1.3366074,1.2189514,1.264006,1.2593232,1.1778897,1.2068095,1.1752188,1.1489333,1.3841952,1.1978618,1.2734131,1.2199386,1.3459615,1.1973391,1.2062991,1.1779825,1.2080478,1.1850479,1.2258602,1.2662622,1.1735347,nan
2,4387,1178971,64,85714,2.2354383,2.0464634,1.2997166,1.2077419,1.2104395,1.1657506,1.0729013,1.1324039,1.0788238,1.0779739,1.0738321,1.0166985,1.034436,1.058417,1.1581274,0.9983435,1.0558394,1.0405879,1.1072199,1.0346157,1.1146648,1.0393167,1.0375455,1.0101653,1.0411509,1.0797131,1.0612449,0.9915803,1.0342116,1.0763191,nan
2,4392,503212,67,34525,1.0096437,0.6183628,0.5920977,0.5924427,0.604461,0.532291,0.556194,0.5322355,0.5243618,0.4941435,0.4775691,0.49511,0.5300383,0.4968147,0.4936222,0.5064753,0.4267958,0.4921462,0.4948849,0.4475394,0.4913298,0.4907877,0.4740496,0.4716019,0.4839532,0.4999035,0.4506605,0.4879819,0.4943258,0.417857,nan
2,4408,386905,17,95527,0.455448,0.5012923,0.386685,0.3397765,0.3239453,0.3380647,0.3124675,0.275824,0.2817415,0.2870837,0.2831262,0.2795512,0.2872114,0.2860035,0.2924325,0.2749488,0.2759606,0.1474826,0.2793013,0.2766693,0.2707757,0.2718031,0.2665315,0.2418745,0.2697582,0.2685891,0.2540802,0.2669596,0.2725456,0.2731904,nan
2,4426,309128,11,116218,0.3562612,0.4718717,0.3058815,0.2960913,0.2723846,0.2848879,0.204227,0.2593979,0.2579657,0.2573445,0.2531613,0.2546229,0.240815,0.2479943,0.2343858,0.2400797,0.2007998,0.2345425,0.2334379,0.2299093,0.2315662,0.2304021,0.2282126,0.2447333,0.2311746,0.2389642,0.2330896,0.160343,0.2107537,0.2352042,nan
2,4437,797870,31,114115,1.0293488,1.0470739,0.7595825,0.6946842,0.6330356,0.6626631,0.6296591,0.602278,0.5891034,0.694501,0.6033467,0.6035349,0.5973545,0.6177474,0.572152,0.5984238,0.5875892,0.6194643,0.6155113,0.5760197,0.560313,0.5779826,0.6360807,0.6305086,0.6261221,0.668323,0.5706336,0.5788693,0.588129,0.6201036,nan
2,4438,606954,76,37306,1.3107485,0.8865339,0.7726164,0.7608767,0.7114793,0.6757902,0.6605552,0.6675799,0.6528238,0.5979932,0.6551572,0.6590675,0.6347119,0.5743375,0.661973,0.6563047,0.6565502,0.6495478,0.6249239,0.6337471,0.6202575,0.6465391,0.5765692,0.6226046,0.6276059,0.6386208,0.6064215,0.5945704,0.6266763,0.6365909,nan
2,4440,1610269,53,133132,1.224789,1.0901571,0.9315074,0.8131449,0.8059821,0.7130943,0.7899589,0.7561093,0.7044929,0.6759925,0.7240548,0.9590853,0.7555488,0.6854455,0.6634271,0.6735233,0.6332159,0.7369701,0.6370891,0.6652348,0.6326276,0.70525,0.6099904,0.6296888,0.636615,0.6244081,0.6251639,0.631408,0.6891526,0.6352513,nan
2,4473,1869400,28,259705,1.8996004,2.5409499,1.7342777,1.4438337,1.4064036,1.3643184,1.3952988,1.4134842,1.2927327,1.2380049,1.3710843,1.227066,1.2093012,1.3490065,1.2105424,1.2263017,1.2121686,1.313504,1.2219631,1.1941147,1.2596726,1.3822371,1.2261165,1.1279252,1.1679388,1.2317739,1.1836314,1.293606,1.2553688,1.1444586,nan
2,4478,339508,22,67564,0.4270457,0.3899566,0.2958,0.3173509,0.3004126,0.3233766,0.2828428,0.2748437,0.2788685,0.2427611,0.258043,0.2777562,0.2806808,0.24926,0.2556271,0.2276209,0.2666632,0.2425945,0.2115797,0.2528243,0.2455638,0.2026161,0.2630395,0.2337906,0.2402221,0.2429839,0.2293673,0.2587369,0.2556214,0.2749165,nan
2,4485,1834096,75,109714,3.3544849,3.0738731,2.3599711,2.0027231,2.1139364,1.8411788,1.8299286,1.8599683,1.9857574,1.9018767,1.8288488,1.7265181,1.9017645,1.7206097,1.731164,1.8313496,1.7809671,1.7088453,1.7619399,1.6933283,1.735704,1.6936617,1.8351776,1.8277233,2.0352673,2.0911263,1.6661326,1.7978296,1.8694488,1.6294304,nan
2,4489,1632283,48,146884,2.2411934,2.5555893,1.6492567,1.6291534,1.4625922,1.4245612,1.3795803,1.318196,1.3832724,1.3087153,1.3756036,1.3979834,1.3387128,1.3853696,1.2964434,1.242084,1.3184557,1.246777,1.2286729,1.2827731,1.261087,1.5986893,1.2084439,1.3093948,1.2271913,1.2014667,1.3129806,1.5148764,1.6452736,1.4490886,nan
2,4490,864594,93,43297,1.9503962,1.2406332,1.2087607,1.0642179,0.962059,0.8625438,1.0681903,0.9707278,0.9946685,0.9225704,0.9875932,0.9250968,0.9912449,0.8971892,0.9066865,0.7278327,0.944821,0.8860121,0.926547,0.8596664,0.9024537,0.924088,0.9185863,0.9016617,0.9329467,0.8823372,0.917109,0.6853373,0.8662792,0.8817533,nan
2,4497,94765,82,5497,0.2808854,0.1583342,0.1386476,0.1122676,0.1286571,0.1178028,0.13124,0.123722,0.1187277,0.1094292,0.1185648,0.1160787,0.1180108,0.1315753,0.1090848,0.1121876,0.1258069,0.1181955,0.1228048,0.1451411,0.1114245,0.118937,0.1110429,0.1175374,0.112599,0.1158839,0.113347,0.1097623,0.1119939,0.1189737,nan
2,4500,1258290,35,155206,1.5371388,1.7482653,1.2869645,1.1358894,1.0967033,1.0555695,0.9872962,1.0485652,0.9905159,1.0632385,0.9588102,0.9562133,0.9352177,0.9331473,0.9543919,0.9628864,0.9306691,0.9851297,0.9384239,1.0910892,0.9259708,0.918744,0.955983,0.9263066,0.9749243,1.0537354,0.9558715,0.9444255,0.8645225,0.9386449,nan
2,4501,442902,62,33091,0.8895494,0.6124437,0.5113624,0.3406921,0.4738558,0.4705903,0.440078,0.4559892,0.4196663,0.4349975,0.4440271,0.4124536,0.415781,0.4707128,0.4456249,0.4350216,0.4188727,0.4344521,0.4271593,0.4547643,0.3899482,0.4408143,0.4228548,0.4249916,0.3900147,0.3808198,0.3982311,0.4209018,0.4269826,0.4324138,nan
2,4535,566669,20,116968,0.6761138,0.7856601,0.5544021,0.4994861,0.5542129,0.5488598,0.4013449,0.4735833,0.4421867,0.4434939,0.4459931,0.4368479,0.4454737,0.4475138,0.4457354,0.4844361,0.4399341,0.4471925,0.4420505,0.4483064,0.4159607,0.4508786,0.4344041,0.4260805,0.4077247,0.4338963,0.4366946,0.4186937,0.4467292,0.4441517,nan
2,4552,882257,94,42964,2.0283869,1.3204678,1.1109617,1.0404648,1.1536925,1.0171792,0.9162985,0.9814084,1.1540599,1.0722605,0.9609584,1.0370939,0.7990249,0.8825662,0.9841007,0.8984375,1.0086663,0.910834,1.0080469,0.939013,1.0238401,0.9639374,0.8878546,1.0109867,0.9954905,0.9348319,0.9386247,0.9117154,0.9531266,0.9456077,nan
2,4556,1224435,30,173593,1.3915337,1.8645638,1.2133811,1.1543363,0.9965132,1.0287219,0.9961057,0.9061674,0.9497291,0.9408473,0.883424,0.9375702,0.8805947,0.9219911,0.8389495,0.8706541,0.8425627,0.9726049,0.8463601,0.8657408,0.8241976,0.8724756,0.8371191,0.8263924,0.8232098,0.8417435,0.8322366,0.8589376,0.8322092,0.8122966,nan
2,4557,1283874,51,115201,1.8147321,1.8629076,1.4922321,1.2969274,1.1773249,1.2370581,1.0907714,1.1080132,1.0497119,1.0164681,1.1141863,0.9964042,1.0260008,1.0781491,0.983422,1.0197602,1.0230977,1.0421151,1.0525045,0.9551846,1.0467445,1.0127598,1.0030896,1.0317777,1.0336048,0.9587339,0.940996,1.0107829,1.0035225,1.1154201,nan
2,4587,1474606,55,120067,2.3589669,2.1563618,1.6077216,1.3145644,1.4291016,1.4490261,1.2831281,1.3123876,1.3960339,1.2896898,1.4008948,1.2269913,1.29866,1.3351049,1.2619238,1.2813551,1.288055,1.2977875,1.1996677,1.2519212,1.3036704,1.3404917,1.2682391,1.2850569,1.2469259,1.2266058,1.358802,1.2883153,1.2791805,1.2122199,nan
2,4589,1077143,38,124114,1.3906751,1.4229966,1.0342167,1.0033521,0.9741463,0.83322,0.8094535,0.8193603,0.859574,0.928562,0.7597681,0.8970806,0.8272365,0.8014112,0.8590151,0.8823537,0.7298477,0.8149566,0.8312942,0.7924082,0.8486569,0.7885173,0.7268251,0.80132,0.8320324,0.7856297,0.8135821,0.7882097,0.8248917,0.8597848,nan
2,4590,304277,10,110041,0.3673182,0.4486428,0.3164172,0.3370088,0.305212,0.3191094,0.3265586,0.2818106,0.3078375,0.2756195,0.2723865,0.2720482,0.2642249,0.2908314,0.2864981,0.2773269,0.2945774,0.2703871,0.2655214,0.2478301,0.2589089,0.2753299,0.257468,0.274743,0.2725228,0.2322479,0.274211,0.276877,0.2565326,0.2516273,nan
2,4601,38206,18,9562,0.0862307,0.0515769,0.0511691,0.0486581,0.0475225,0.0467297,0.0482806,0.0462856,0.0475605,0.0458456,0.0466494,0.0470489,0.0476306,0.0473673,0.0690753,0.0420214,0.0282704,0.0373493,0.0431205,0.0433042,0.0434517,0.0442202,0.0439653,0.0402515,0.0441269,0.0430742,0.0424449,0.0433641,0.0426322,0.0433201,nan
2,4619,612124,28,98554,0.8164392,0.8340036,0.5676091,0.5557741,0.5574841,0.5198291,0.5263659,0.5000426,0.4843907,0.4562077,0.4721385,0.4582079,0.4226799,0.445305,0.4681146,0.4620332,0.4782838,0.4426794,0.4613732,0.4676337,0.4438717,0.4705755,0.4491795,0.4276003,0.4320505,0.4217978,0.4285451,0.4435519,0.4681022,0.4622443,nan
2,4627,566942,57,45301,1.1385755,0.7896672,0.6251868,0.6125527,0.599687,0.5695667,0.5512838,0.5872667,0.5705113,0.5633586,0.5444352,0.5534192,0.5698442,0.5461569,0.5333777,0.5539556,0.5389289,0.57497,0.5040207,0.527612,0.5155875,0.5484291,0.5607137,0.5319095,0.4882246,0.5188135,0.5107858,0.5823856,0.5042717,0.5316438,nan
2,4633,1172614,61,87508,2.0300746,1.7187838,1.4296821,1.3107006,1.2207992,1.1808119,1.0744135,1.181256,1.1609498,1.1595789,1.0951668,1.1943764,1.0785666,1.0413193,1.1371432,1.1313142,1.1419354,1.0568831,1.1161012,1.1644431,1.0336242,1.1018784,0.9742635,1.1243201,1.0486267,1.1698463,1.0494088,1.0874528,1.0085732,1.1357425,nan
2,4665,40580,83,2344,0.1499177,0.0724541,0.0662242,0.0654982,0.0632025,0.0601018,0.0615447,0.0624513,0.0614564,0.0607147,0.0615915,0.0620124,0.0634282,0.0604482,0.0605948,0.0668643,0.0591986,0.0500675,0.0620196,0.0607076,0.0620846,0.057748,0.0642105,0.0607446,0.0558617,0.0631475,0.0624329,0.0609093,0.0588972,0.0598998,nan
2,4669,230183,24,42025,0.347278,0.2897775,0.2428258,0.2292644,0.2213028,0.2218475,0.2298729,0.2137809,0.1418094,0.1876019,0.1906344,0.1977471,0.1888026,0.2081069,0.1859096,0.1888526,0.1865942,0.1916242,0.1883692,0.1820522,0.1858058,0.1863101,0.1845107,0.1789398,0.1792593,0.1295868,0.1768332,0.2060411,0.1872956,0.1849605,nan
2,4672,1326360,38,150484,1.747645,1.8420024,1.2843677,1.2098492,1.2577541,1.0946471,1.1410827,1.1022421,1.0335849,1.0321665,1.0177176,1.0567469,1.0355672,1.0895527,1.0121258,1.1077645,1.0582204,1.0180769,1.0675753,0.9822569,1.0781757,0.9964399,1.0121273,1.041891,0.9828701,1.0609065,1.0088623,0.9934869,0.9794632,1.0553113,nan
2,4689,1732808,42,175042,2.2831932,2.4185727,1.8113457,1.6496415,1.5120511,1.3969689,1.4176907,1.3698075,1.4061268,1.3714597,1.3409471,1.3307967,1.4226019,1.3224272,1.3422145,1.2822147,1.3074962,1.3753421,1.2934318,1.3702391,1.4181091,1.2586624,1.2372739,1.4050935,1.2669527,1.3011221,1.2465747,1.29296,1.3226639,1.1992033,nan
2,4702,1035034,65,73009,1.9290906,1.6198963,1.1015052,1.1948221,1.2251941,1.1168001,1.0704947,0.9907145,1.0370446,1.0223519,0.9611853,1.0368598,1.0530303,0.9778736,1.0135443,0.9728655,0.971059,0.9663592,0.9941725,0.9280556,0.9360368,0.9956411,1.0823576,1.0707845,0.8926838,0.9669801,0.9732144,0.8855196,0.9976061,1.02369,nan
2,4703,282693,25,51070,0.4037294,0.3345335,0.2760186,0.2615672,0.2587809,0.2514155,0.2638899,0.2463496,0.2442035,0.2114402,0.2224217,0.2262332,0.2242302,0.2168429,0.2222901,0.222454,0.221459,0.2590297,0.2192745,0.2198402,0.2128338,0.2221492,0.1640439,0.2313781,0.2246489,0.2146282,0.228564,0.221157,0.2149854,0.2410187,nan
2,4718,616786,25,103219,0.7245969,0.7608792,0.5081165,0.5444422,0.5110786,0.5010482,0.4881655,0.4936916,0.4862182,0.4588765,0.484311,0.4919206,0.4824239,0.47454,0.5037425,0.4660233,0.4680691,0.4654872,0.4431164,0.4760148,0.4405993,0.4707359,0.4863552,0.4618775,0.434273,0.4768855,0.4705945,0.4614397,0.4622429,0.4385711,nan
2,4718,87571,89,4642,0.2609917,0.1427654,0.141172,0.1432905,0.136438,0.128681,0.1221682,0.1147529,0.1213943,0.1185709,0.1205151,0.1201853,0.11326,0.1133894,0.1158784,0.1191329,0.1171368,0.1195996,0.1172704,0.1041634,0.1100044,0.1071186,0.1055552,0.1081361,0.0974347,0.1034028,0.1038392,0.0990805,0.1016615,0.1029661,nan
2,4722,1305503,80,74707,2.5761236,1.9664424,1.7817428,1.5290071,1.5341645,1.5351781,1.512514,1.5227235,1.3395487,1.4055529,1.3722134,1.3416012,1.4021104,1.2881721,1.4007827,1.2902254,1.4239862,1.2892548,1.3833237,1.2554366,1.334129,1.2270723,1.31461,1.2318655,1.3378399,1.1845701,1.3429452,1.243936,1.3205716,1.2499308,nan
2,4732,245357,60,18721,0.4964353,0.3151538,0.292563,0.2723023,0.2664125,0.2521334,0.2554931,0.2679282,0.2810327,0.2470389,0.2386713,0.2303947,0.2408533,0.2202479,0.2304898,0.226543,0.2411359,0.2311055,0.2528273,0.21564,0.254973,0.2718792,0.2378344,0.2395956,0.2453347,0.1942801,0.2390374,0.2290852,0.2296184,0.2427319,nan
2,4739,1816690,22,309664,0.9023828,1.1515177,0.9397547,0.8351321,0.7047791,0.6922833,0.6569625,0.6814196,0.6508882,0.664486,0.7187522,0.6155805,0.6242993,0.6151122,0.6008755,0.6221885,0.6218611,0.6971697,0.6020652,0.5919473,0.5914873,0.5910846,0.5817119,0.5961564,0.5822666,0.604209,0.6139734,0.6004343,0.6000495,0.5834748,nan
2,474,1605216,59,120952,0.8117704,0.7445183,0.6116528,0.548849,0.5628775,0.5759207,0.6494029,0.5445094,0.4907573,0.5381186,0.4823109,0.5101835,0.4571289,0.5010856,0.4748885,0.4698218,0.4711406,0.47389,0.5724341,0.4994038,0.485574,0.4623408,0.4825915,0.4839314,0.4518542,0.4790837,0.4966765,0.4934976,0.5072485,0.547625,nan
2,4741,1963156,88,100408,4.023266,3.3294091,2.4716036,2.5771722,2.2098626,2.2390777,2.1952685,2.0616618,2.1314501,2.1293522,2.0827388,2.2661933,2.1470868,2.1048257,2.0504816,2.0766597,2.1156988,2.1531839,1.9223013,2.0726746,1.9074133,2.1389824,2.066718,2.3497491,2.3048916,1.8588549,2.0930865,2.0744961,1.9251157,1.8775489,nan
2,4749,1919800,85,101689,3.8545386,3.3612917,2.3577735,2.1400649,2.1629259,2.0928997,2.0968307,2.0683136,2.0235362,2.0558911,1.9893447,2.0462992,2.0086624,2.0751968,1.9607036,2.069089,1.9672383,2.0436683,2.0079422,1.879675,1.9165538,2.3956164,2.1721912,2.0238931,1.9044355,2.145532,1.6782202,1.9161424,2.0431518,1.9985286,nan
2,4773,1823438,56,140755,2.868449,2.5795351,1.9625754,1.8274354,1.745294,1.5907942,1.580021,1.7681937,1.5206756,1.5072942,1.5678997,1.489353,1.5998846,1.4863162,1.4560312,1.4756096,1.5297208,1.30487,1.5594992,1.5059643,1.5364154,1.469541,1.4023607,1.5425424,1.7851376,1.7446252,1.4636514,1.3934066,1.4379381,1.496824,nan
2,4792,259384,74,16339,0.6193291,0.3383514,0.325567,0.2922567,0.2899937,0.2869939,0.2670385,0.2688273,0.2725645,0.2216313,0.2877485,0.2627452,0.2724799,0.2813156,0.2820774,0.2786939,0.2732884,0.2650377,0.2680497,0.2394353,0.3078453,0.2704742,0.2794911,0.2839701,0.2696134,0.1993593,0.2597914,0.2902052,0.2690671,0.267488,nan
2,4803,862156,38,102136,0.59713,0.5503863,0.4378123,0.4658691,0.3848227,0.3626667,0.3479383,0.4546496,0.3365302,0.3415318,0.3380998,0.3316479,0.3320016,0.3240508,0.339631,0.4869476,0.4479976,0.3257032,0.4354154,0.3178666,0.3258012,0.3377706,0.3187446,0.331372,0.3203644,0.3273939,0.3178033,0.3268632,0.328246,0.3193528,nan
2,4809,1265857,54,105118,1.0851346,0.934938,0.761085,0.7732006,0.6646249,0.5991828,0.5892001,0.6238385,0.5783181,0.5937089,0.5766567,0.5828651,0.6108933,0.6002121,0.664158,0.5787781,0.6050322,0.549923,0.5932973,0.5467554,0.5964528,0.5395819,0.550855,0.6395234,0.5923975,0.6063233,0.5666969,0.5372527,0.5876925,0.5370645,nan
2,4809,1406996,25,222508,1.4620315,1.6534488,1.2603934,1.2478323,1.1878788,1.0613203,1.0276748,1.1910872,1.0824163,1.0716393,0.9630474,1.0386322,0.9930396,1.0150384,0.9485775,0.8495536,0.9485816,0.9691723,1.0899034,0.9805392,0.937527,0.9535095,1.0174795,0.9760762,0.8974014,0.95988,0.9565148,0.8668274,0.9540754,0.9246018,nan
2,4812,347764,75,21565,0.8349152,0.5100011,0.4574893,0.4671582,0.4221237,0.4447599,0.4452479,0.3902009,0.4371571,0.4188247,0.3955344,0.4044308,0.3998315,0.4220811,0.3645623,0.4156663,0.3902291,0.3897108,0.3785877,0.4095207,0.3955212,0.3956594,0.3823412,0.3649161,0.4019378,0.395658,0.3895688,0.3950419,0.4112904,0.3845459,nan
2,4821,1600010,33,200206,1.871016,2.2349383,1.5456074,1.2768982,1.3606442,1.1675737,1.2245406,1.2254344,1.2381815,1.1350745,1.1750257,1.1710934,1.1781524,1.2168456,1.1867202,1.0999105,1.1700715,1.1040569,1.1909136,1.1725616,1.1360614,1.1613491,1.0969198,1.1625435,1.0975962,1.2426179,1.1613279,1.1300115,1.1212855,1.2093732,nan
2,4832,489317,50,44296,0.8423262,0.6460517,0.5435735,0.4685065,0.5256786,0.4575937,0.4778581,0.469951,0.4645963,0.4603821,0.4189379,0.468548,0.4206941,0.4121785,0.467938,0.4379761,0.4214665,0.3577878,0.4571169,0.415792,0.4045256,0.4933971,0.4197895,0.429678,0.4174111,0.4384702,0.4061768,0.4429509,0.4439615,0.4410733,nan
2,4835,1522225,80,85996,3.1398244,2.5239065,1.9654425,1.7786881,1.6117505,1.8006381,1.5788374,1.5796925,1.6397743,1.5227971,1.6697344,1.5770418,1.4943708,1.4712328,1.5658987,1.5934386,1.5845904,1.4899356,1.4530218,1.4603377,1.5372633,1.4599632,1.5790186,1.5114912,1.5168804,1.4672599,1.4948887,1.4042832,1.5382759,1.577007,nan
2,4851,1362232,94,66652,3.1853485,2.1633487,1.9884481,1.7206198,1.6953151,1.6300874,1.6479759,1.6595267,1.581303,1.5097301,1.63434,1.5856841,1.5642386,1.5708961,1.5307364,1.5228511,1.4946815,1.5640617,1.5976938,1.6337441,1.4587356,1.4966893,1.4913635,1.5052107,1.4640767,1.5715922,1.5489414,1.6056076,1.4409607,1.4580506,nan
2,4856,1117582,34,143179,1.4242486,1.7706775,1.0278323,1.0037455,0.9471764,0.898075,0.9066352,0.8783818,0.8257272,0.9332218,0.8305558,0.9040359,0.8671794,0.8426487,0.8497315,0.8704716,0.9275717,0.8794607,0.8950012,0.8239961,0.8664166,0.7867993,0.860263,0.8297221,0.845582,0.8915632,0.8292789,0.8637652,0.8027841,0.8210155,nan
2,4857,411401,92,20710,0.6516444,0.3073397,0.2977245,0.2803938,0.2720901,0.2737968,0.2585946,0.2628148,0.2436397,0.2496607,0.2370216,0.2543282,0.2367243,0.2367134,0.2477244,0.2472662,0.2424302,0.2383073,0.2413468,0.2604246,0.3208187,0.3068161,0.2635242,0.2499439,0.2367837,0.2364132,0.2368787,0.2262064,0.2319257,0.2377911,nan
2,4868,1811078,96,85231,4.0549361,3.2748206,2.8397112,2.3942837,2.4011137,2.2065562,2.0709524,2.1865649,2.0519,2.0540084,2.2079929,2.0102662,2.1466758,1.9842286,1.9968033,1.9975471,2.0869098,2.1702739,1.9655899,2.1295364,2.0311688,2.1166712,2.0914514,2.1834047,1.974438,1.9199347,1.940051,1.9873985,1.924793,2.1133373,nan
2,4869,1018364,14,244720,1.0373476,1.4136917,0.9096233,0.9702728,0.7796987,0.8115496,0.6947931,0.6980864,0.7484252,0.7066615,0.6343298,0.7255619,0.6445973,0.6596332,0.7243362,0.7073522,0.6601458,0.6800873,0.6398915,0.6165535,0.6784967,0.6904029,0.6793637,0.6340493,0.6655311,0.6492091,0.6644459,0.6786691,0.6413972,0.6522356,nan
2,4892,1051462,27,174922,1.1383184,1.4112349,0.9267084,0.8621491,0.8723177,0.801178,0.8202207,0.7748364,0.8110028,0.702973,0.7460461,0.5721918,0.7356864,0.7454982,0.7125632,0.762092,0.7073013,0.7099769,0.6900917,0.7526751,0.741043,0.7102505,0.732244,0.6963721,0.7072832,0.6943667,0.7060538,0.7242816,0.706096,0.7596402,nan
2,4894,125550,89,6631,0.1884065,0.1104743,0.0938717,0.0901822,0.0867377,0.0708818,0.082274,0.0711971,0.0747302,0.0786396,0.0764414,0.0801664,0.0708581,0.0759345,0.0704404,0.0785872,0.0709634,0.0719458,0.0682292,0.0688558,0.0778643,0.0704064,0.0924789,0.0695033,0.0707014,0.0803337,0.0708598,0.0789123,0.0703367,0.0693039,nan
2,4896,1355043,63,96301,2.3124961,2.2581346,1.3017566,1.4096032,1.4631719,1.3749596,1.2595506,1.2943841,1.3125177,1.3043036,1.295151,1.2978003,1.3666938,1.3758779,1.2723167,1.2498413,1.2175545,1.3389865,1.2578382,1.1167598,1.2744002,1.2869554,1.2773391,1.3139241,1.2359894,1.0775266,1.2437656,1.1602424,1.2749389,1.1462937,nan
2,4912,1969344,87,101194,2.0929286,1.8353105,1.4089086,1.6054645,1.1966589,1.1132125,1.0632935,1.0965484,1.0967969,0.9847767,1.3425819,1.3783821,0.9743869,1.0565951,1.0022454,1.1080948,0.9526044,0.9737749,1.0424541,1.2974081,1.3222522,0.9650402,0.9842136,1.0136076,0.9771326,0.9478217,1.0005739,1.1586762,0.9886292,1.02682,nan
2,4922,173552,14,52129,0.2554032,0.2255228,0.1745205,0.1614905,0.1558874,0.1543453,0.1526915,0.1549501,0.1508001,0.1485154,0.1476076,0.1484106,0.1516432,0.1497252,0.101608,0.1427152,0.1460178,0.1480628,0.1481917,0.1453086,0.1472181,0.1418247,0.1428005,0.1503996,0.1447403,0.1417402,0.1428798,0.1460276,0.1089515,0.1265035,nan
2,4932,134182,42,14800,0.2610305,0.1745688,0.1519054,0.1508462,0.1429043,0.1434838,0.1190534,0.1213001,0.1212103,0.1187564,0.1227492,0.1223659,0.1227219,0.1194348,0.1040609,0.0618553,0.0596174,0.1210205,0.114741,0.1051544,0.11684,0.1337963,0.1197455,0.1090344,0.1200551,0.1185976,0.1414218,0.1078997,0.1222814,0.1183016,nan
2,4938,651153,76,39481,0.6837162,0.4734307,0.3651423,0.3752485,0.3828708,0.3661081,0.3586404,0.344138,0.3702719,0.3446022,0.3639074,0.347445,0.3477049,0.3325046,0.3531429,0.3585584,0.3590701,0.3510112,0.3350599,0.3486143,0.3313811,0.3213403,0.3575304,0.3273067,0.336499,0.3593348,0.338812,0.3746323,0.3303137,0.3426987,nan
2,4959,622056,15,156859,0.7043558,0.8406925,0.6466155,0.59474,0.4971406,0.5188164,0.5426121,0.5003248,0.5708089,0.4991204,0.498292,0.498697,0.4803418,0.4704811,0.4727727,0.4878976,0.4530654,0.4732625,0.4592737,0.4762812,0.4709786,0.4632743,0.5087183,0.4512011,0.3883394,0.4590801,0.4698491,0.4866708,0.4812413,0.4382937,nan
2,4981,243341,63,17800,0.5421381,0.3045208,0.2853951,0.248985,0.2498704,0.2698392,0.2674453,0.2542442,0.2641468,0.2582717,0.2405981,0.2264825,0.2428946,0.1929929,0.2341183,0.182526,0.2408615,0.2450116,0.2380716,0.2345709,0.2380659,0.237199,0.2317419,0.2353673,0.2402333,0.2372314,0.2288351,0.2361593,0.2459544,0.2369029,nan
2,4986,1625400,75,97327,3.1500828,2.5770726,1.8265805,1.8120796,1.9010142,1.678587,1.6834824,1.8005493,1.6511788,1.64263,1.7072728,1.6491406,1.6114311,1.5911703,1.7454513,1.5540531,1.6088753,1.4495467,1.6287386,1.561301,1.7855439,1.5146429,1.6026885,1.652522,1.568881,1.8492876,1.4712621,1.562068,1.5383152,1.5099698,nan
2,4990,1042747,11,343963,0.9238636,1.4651858,0.9168838,0.8248049,0.7496759,0.7224786,0.675661,0.6713622,0.6826015,0.6599195,0.6752659,0.6276129,0.6784442,0.6527231,0.6350937,0.6589643,0.7041185,0.6380075,0.626893,0.6240298,0.6453518,0.6381092,0.5828639,0.61238,0.6025258,0.6281856,0.6258387,0.5922661,0.6102843,0.598049,nan
2,5000,391176,58,30007,0.7466784,0.514004,0.474714,0.4687893,0.4503549,0.342029,0.4497389,0.4746903,0.4352487,0.4272242,0.4460155,0.3726146,0.4613064,0.4288677,0.4266901,0.4139651,0.4402314,0.4217138,0.4074448,0.4025048,0.4114813,0.4077593,0.4192178,0.3977391,0.4399161,0.4149576,0.4249032,0.4093718,0.3269487,0.4120375,nan
2,5025,25956,53,2314,0.0967862,0.0587759,0.054264,0.0537966,0.0566927,0.0502353,0.0514978,0.0492989,0.0503226,0.0319313,0.046515,0.046029,0.0486292,0.0507211,0.0482268,0.0425135,0.0513035,0.0521927,0.0524354,0.0481911,0.0499601,0.0508605,0.0469456,0.0467312,0.0491787,0.0497419,0.0480037,0.0512311,0.0497821,0.0474855,nan
2,5028,933375,52,82327,1.4565091,1.2641761,1.0898479,1.0109158,0.8882112,0.9042531,0.8536331,0.8325029,0.9173573,0.856365,0.9416744,0.8478968,0.8671395,0.8387349,0.8985623,0.8561148,0.8310334,0.8250388,0.8335841,0.7871208,0.8419063,0.779868,0.8431917,0.8360611,0.8763355,0.8289773,0.6939608,0.7810841,0.8446161,0.7982252,nan
2,503,1559431,69,101926,0.7796771,0.713393,0.6104647,0.5998968,0.5322697,0.5913824,0.5204359,0.595667,0.5296734,0.489913,0.5761223,0.5213989,0.4582761,0.5174242,0.6089964,0.5053407,0.4944867,0.5097356,0.4700609,0.5044325,0.493742,0.4912457,0.4884272,0.477103,0.4775449,0.5126727,0.4955567,0.4808148,0.4541279,0.4857432,nan
2,5031,322537,63,23833,0.3148997,0.1953174,0.1656232,0.1612873,0.179786,0.1709039,0.1707263,0.1654268,0.1627053,0.1592588,0.1413307,0.1478129,0.1463438,0.1494272,0.1446881,0.1533671,0.1489534,0.1531972,0.1473992,0.1453152,0.1476584,0.1470684,0.1523468,0.1420711,0.1517275,0.1452077,0.164086,0.1624058,0.1562598,0.1604698,nan
2,5043,1509646,23,257803,1.57063,1.7881981,1.4215516,1.2517194,1.1904721,1.2037516,1.2200686,1.1299872,1.1741041,1.1100785,1.2408692,1.0462255,1.0070913,1.0928513,1.0790912,1.1291202,1.0951198,1.0227957,1.1640204,1.0846472,1.0537724,1.0282844,1.0529142,0.9993001,1.0695125,1.1620494,1.0334655,1.0565861,0.9651468,1.046407,nan
2,5043,634816,62,46315,1.2538963,0.8395551,0.8119578,0.7557288,0.6727183,0.6783752,0.6878455,0.6916056,0.6356342,0.6540759,0.6845808,0.6183998,0.6724549,0.6059522,0.6316826,0.6631141,0.6284902,0.6275655,0.6647008,0.5581359,0.6404119,0.6431701,0.6189649,0.6589351,0.6263623,0.5988646,0.6133649,0.6645729,0.6418642,0.6325858,nan
2,5058,1731629,45,161677,2.3899274,2.1394732,1.6528655,1.803947,1.5108242,1.6407656,1.5709562,1.7043329,1.562753,1.5653595,1.6003602,1.4804399,1.4033048,1.6010571,1.4316259,1.5106537,1.4727372,1.4230818,1.4793756,1.4455846,1.47211,1.3431809,1.3924962,1.441701,1.5381006,1.4835294,1.6713729,1.8112873,1.405489,1.4533246,nan
2,5065,505423,53,43570,1.0065316,0.6247752,0.5628884,0.5372958,0.5236067,0.5036797,0.4932188,0.4726714,0.4798919,0.467505,0.5142151,0.4849086,0.4670526,0.4541981,0.4999617,0.4244244,0.4725198,0.4743312,0.4638539,0.4297492,0.460636,0.4308311,0.4754442,0.4117802,0.4645833,0.476492,0.4572082,0.477771,0.4207184,0.4476708,nan
2,5066,814444,41,89344,1.2054466,1.1871361,0.8116499,0.7417745,0.7244302,0.7338223,0.697512,0.6353289,0.6777215,0.6148231,0.6638488,0.5132005,0.6945976,0.6536644,0.6390326,0.6401934,0.6959962,0.7016636,0.5980018,0.661594,0.6684235,0.6396134,0.6352347,0.6329434,0.6091996,0.6266678,0.675356,0.5996453,0.6533711,0.6509216,nan
2,5073,1947480,22,331705,1.0245196,1.5217409,1.0256657,0.9611538,0.9327495,0.7760036,0.7816768,0.7563364,0.8676862,0.7501953,0.7166687,0.7239034,0.6883046,0.8145243,0.6847736,0.6893637,0.7121317,0.9293157,0.9456306,0.6653213,0.6759301,0.7868901,0.6656843,0.67799,0.6651255,0.6565111,0.8831921,0.6592884,0.6502749,0.6777159,nan
2,5084,365737,52,32227,0.3560409,0.247872,0.2247623,0.1651271,0.1738925,0.1640951,0.1683523,0.1622699,0.1694269,0.1538248,0.1561651,0.1515476,0.1738119,0.1578076,0.1532151,0.1529812,0.1514545,0.1551519,0.1610238,0.1514117,0.1591804,0.1508403,0.1535975,0.1431133,0.1520434,0.1620933,0.1545101,0.1556581,0.1563839,0.1499098,nan
2,5102,1444020,13,393616,0.6947579,1.2028177,0.8015857,0.6499776,0.5854818,0.5488405,0.5430408,0.5895157,0.5325316,0.5154102,0.5003991,0.5583907,0.5418744,0.5475958,0.4998767,0.5441717,0.6633841,0.6441299,0.4684368,0.4775548,0.4692219,0.481248,0.4677908,0.4746136,0.578702,0.6394034,0.4825812,0.4673889,0.4776949,0.5831228,nan
2,5110,885025,90,45898,2.1793309,1.4435666,1.1173717,1.1115805,1.0769742,1.1053172,1.0304863,0.8413849,1.0205166,0.9593945,0.967922,1.0220811,0.962245,0.8790946,0.9849683,0.9894938,0.8751172,0.9091926,0.9828288,0.9503755,0.9213585,1.0125673,0.9567228,0.8877835,0.9693781,0.9528883,0.9069233,0.9176413,0.8926031,0.9194211,nan
2,5115,1167259,84,64123,2.5824949,1.8924553,1.6270659,1.4017528,1.2941668,1.3744327,1.3537699,1.2955592,1.3727398,1.2714882,1.2961979,1.0558427,1.312949,1.2931592,1.2512552,1.3236368,1.3406936,1.1941577,1.274147,1.2457722,1.1721619,1.2800617,1.3201033,1.1778334,1.2582028,1.2271001,1.1544583,1.1958388,1.2669637,1.1938784,nan
2,5139,1638933,15,381601,1.4047114,2.4453655,1.7486678,1.279529,1.2613997,1.3473238,1.2527125,1.1585141,1.1088861,1.1102197,1.1670157,1.0920342,1.1561201,1.0798478,1.136927,1.1599414,1.061112,1.106714,1.0671103,1.0928072,1.0474332,1.0491721,1.0905519,1.22636,1.3551144,1.0909326,1.1343705,1.0921907,1.151454,1.1154635,nan
2,5167,912293,31,131086,1.2366659,1.4384722,0.8684444,0.8237002,0.7348853,0.7495731,0.8295869,0.7319257,0.7438774,0.7689424,0.6696766,0.7400962,0.7851649,0.6819819,0.7386152,0.8012045,0.6763845,0.6924126,0.6666472,0.6844531,0.7120099,0.6936853,0.7143522,0.7102475,0.6836978,0.6390805,0.7100568,0.6601089,0.6537771,0.6528051,nan
2,5171,513663,20,94312,0.5772188,0.6715784,0.5066566,0.4830575,0.4565372,0.4509937,0.349126,0.3478259,0.3880244,0.4165012,0.4333774,0.3939736,0.4053014,0.4157777,0.425469,0.4054424,0.3428602,0.4246109,0.4116968,0.4327807,0.4212,0.4088093,0.4061125,0.3949546,0.4149237,0.4288659,0.402586,0.414456,0.3658361,0.3701534,nan
2,5184,563732,77,33766,1.2675119,0.8616455,0.7337407,0.6882568,0.6848292,0.6584723,0.6481064,0.6190917,0.6008182,0.6201552,0.6197671,0.6392258,0.6049468,0.6141437,0.606208,0.5452126,0.614029,0.6238538,0.5649628,0.6254209,0.6261571,0.5897572,0.6016342,0.5936091,0.5984769,0.6226903,0.552924,0.5942891,0.5671526,0.5210012,nan
2,5212,76158,72,4975,0.2334652,0.1440792,0.1544126,0.1328187,0.1617863,0.1298157,0.1320316,0.1446734,0.1301781,0.1414242,0.1337407,0.1312637,0.1043232,0.1152956,0.1263421,0.1371582,0.1229883,0.1133258,0.1145595,0.128991,0.1438768,0.1281841,0.1065654,0.1146013,0.1240171,0.1144454,0.1479339,0.1211666,0.1092062,0.1151463,nan
2,5223,1134782,20,249079,1.1717223,1.4298127,1.116557,0.9684222,0.9083765,0.9239375,0.7687866,0.7610881,0.7500689,0.7791288,0.850821,0.7311266,0.7682641,0.7279873,0.7625742,0.783532,0.7503519,0.730779,0.7547825,0.7189921,0.7701055,0.7149579,0.7307246,0.7509751,0.7473945,0.7480351,0.7767224,0.7236108,0.729774,0.6802396,nan
2,5235,912421,92,45238,1.1479823,0.6616738,0.6211679,0.6582367,0.5846679,0.5490066,0.5481695,0.6937651,0.7029433,0.726922,0.5204565,0.6039571,0.5100754,0.5360391,0.5421337,0.6051805,0.517324,0.5327816,0.5018425,0.4838035,0.5143841,0.4900595,0.4907329,0.4926638,0.5181028,0.499717,0.5533601,0.4953526,0.4948598,0.5013493,nan
2,524,243212,51,21106,0.1925127,0.1784995,0.190896,0.1662871,0.1261792,0.1579536,0.1616336,0.1582717,0.1690698,0.1527052,0.1724364,0.1396647,0.1399969,0.1526988,0.1255822,0.1484063,0.135216,0.1570216,0.1658473,0.1609883,0.1534368,0.1492571,0.1483581,0.1592472,0.1454476,0.1525758,0.1580795,0.1590099,0.1645573,0.1495523,nan
2,5267,503500,74,31546,1.1696362,0.7865848,0.6060315,0.6090405,0.609574,0.6048732,0.5766314,0.4747636,0.5593526,0.5610468,0.5562968,0.5607499,0.5087924,0.5286403,0.5279571,0.5025626,0.5669852,0.5349326,0.5339221,0.5252335,0.5269833,0.57661,0.5141891,0.5402432,0.4989168,0.5358969,0.572751,0.4943668,0.5213239,0.4974033,nan
2,5268,900372,30,129301,1.1433073,1.1398961,0.8563943,0.8200558,0.7707683,0.6432992,0.7948,0.76077,0.7315878,0.8220842,0.6897976,0.7066616,0.7348572,0.772183,0.7070586,0.6763364,0.6854669,0.6789296,0.6392148,0.7699183,0.8450471,0.8389244,0.6759513,0.6392629,0.728868,0.6733826,0.6861795,0.8447467,0.6961696,0.5930937,nan
2,527,1932221,29,266917,0.3629368,0.3700035,0.2718752,0.2743469,0.2663685,0.2412788,0.2260771,0.2387801,0.3104094,0.2335978,0.2288885,0.2123586,0.2061366,0.2252873,0.2232435,0.301692,0.2163627,0.2010585,0.2080817,0.2003178,0.21898,0.2748764,0.3462165,0.1988929,0.2064854,0.2042356,0.2048041,0.203468,0.2006431,0.2005108,nan
2,5285,1283226,37,150520,1.6842038,1.9056936,1.2817871,1.2098599,1.104028,1.1135354,1.1165721,1.0267117,0.986803,1.0832732,1.0830869,1.0948777,1.0112125,1.0678402,1.0725531,0.9631679,1.0404548,0.9932698,1.0369309,0.9415062,1.0125161,1.0099201,0.9739518,1.0529629,0.9707365,0.9424655,1.0161263,0.9241682,0.9969732,0.9588455,nan
2,5298,1827072,66,122311,3.2543276,2.6581559,2.1364534,2.0537967,1.8453935,1.9200553,1.6640336,1.8117942,1.7613357,1.8029784,1.7237937,1.743408,1.7504082,1.7729541,1.9010249,1.6788173,1.6055102,1.8789594,1.7591334,1.7649978,2.3490993,1.8491657,1.7364539,1.2551897,0.8559042,0.8602163,1.1503783,0.9843482,0.873401,0.8853885,nan
2,5306,394582,98,18769,1.0996358,0.6195328,0.5291395,0.5054293,0.5284239,0.5188897,0.4738933,0.4535781,0.4558967,0.4130248,0.4410327,0.4214861,0.4566087,0.434741,0.2900726,0.408687,0.4458516,0.4289534,0.4541607,0.4520404,0.4153981,0.4378365,0.437762,0.4093677,0.4583463,0.3526029,0.4147433,0.3915524,0.4124718,0.4412987,nan
2,5319,1519608,52,127351,2.2935013,2.1585105,1.6224259,1.5008041,1.5196986,1.4795876,1.3826728,1.2842908,1.3996146,1.357069,1.3269788,1.3138435,1.3142438,1.2941577,1.4432865,1.4362243,1.2887184,1.1738499,1.3828593,1.4807844,1.3449957,1.4390282,1.33889,1.333947,1.2915937,1.3992748,1.2992849,1.392822,1.2635317,1.3322744,nan
2,5335,1213982,75,74437,2.7218184,2.0800253,1.5446942,1.5034945,1.4359326,1.4310101,1.4323295,1.3021302,1.417214,1.3096548,1.3853778,1.285253,1.3001613,1.2282126,1.3286109,1.2847606,1.2819338,1.2938762,1.2345654,1.323269,1.236803,1.2405652,1.2589989,1.3462406,1.328814,1.235412,1.1395159,1.1896852,1.2750476,1.1725596,nan
2,5344,398734,90,20377,0.5341531,0.2993609,0.2944797,0.2848332,0.2719094,0.248045,0.2438023,0.2712684,0.2483044,0.2624704,0.2469181,0.2608392,0.2835673,0.2642342,0.2422008,0.2355751,0.2511255,0.2562553,0.2506208,0.2512686,0.2589468,0.2464256,0.2729519,0.2746599,0.2645699,0.2618783,0.2533717,0.2472361,0.2468017,0.2574337,nan
2,535,1462345,94,71923,0.6137864,0.470911,0.4470675,0.3944265,0.3775408,0.3983926,0.3911487,0.4053292,0.3883719,0.3639996,0.3694792,0.3836881,0.3522388,0.3507205,0.3458968,0.3443913,0.3531094,0.3377065,0.3629701,0.3591454,0.3407578,0.344073,0.3553416,0.3311793,0.3431569,0.3453871,0.350217,0.363318,0.3316698,0.3359397,nan
2,535,1768033,94,85942,1.2153757,0.9408258,0.88523,0.9417885,0.8849816,0.8880628,0.9094429,0.9188286,0.8637947,0.8321304,0.8470373,0.8373471,0.9310112,0.8845024,0.8137861,0.8593266,0.7942456,0.8015889,0.803654,0.8275531,0.9592907,0.701612,0.8614694,0.7665398,0.7809358,0.7696766,0.8553637,0.8445081,0.7833434,0.7778254,nan
2,5355,458670,58,35515,0.8980747,0.5912483,0.521886,0.5169136,0.4643743,0.509891,0.444764,0.4789059,0.4846051,0.4662689,0.4775627,0.4689839,0.5118813,0.481512,0.4470106,0.4859335,0.4657998,0.4712297,0.4698161,0.4521753,0.486188,0.449099,0.4569048,0.4377445,0.4556351,0.3834353,0.4407385,0.4676502,0.472534,0.4259709,nan
2,5357,1160826,63,82915,1.9439184,1.6028414,1.4157413,1.2590374,1.226785,1.1807343,1.2340372,1.1088294,1.2147758,1.1958185,1.1854999,1.157057,1.1708861,1.1169148,1.1558254,1.1149812,1.2050481,1.1304387,1.0857556,1.1906876,1.0712176,1.172713,1.0885314,1.1846483,1.0489081,1.1994362,1.18409,1.1622852,1.067493,1.0560033,nan
2,5361,717840,75,43981,0.8312205,0.5649284,0.4745028,0.457548,0.4462395,0.4311921,0.4418983,0.4140364,0.3928463,0.4181703,0.3902189,0.3918006,0.3866424,0.4063636,0.3746946,0.3913311,0.3667634,0.4031165,0.3841711,0.3834259,0.3866694,0.3877372,0.3903829,0.3944184,0.4164551,0.3742953,0.3832828,0.4020418,0.3703609,0.3980084,nan
2,5369,59024,93,3025,0.118437,0.0622777,0.0579398,0.0550367,0.0558272,0.0513672,0.1467369,0.0445741,0.0444833,0.0516334,0.0489155,0.0456721,0.0494142,0.0470233,0.0486566,0.0478021,0.0517062,0.0516371,0.0457858,0.0459414,0.0465163,0.048754,0.0477613,0.0468818,0.0480447,0.0514843,0.0474791,0.0462069,0.049453,0.0514505,nan
2,5374,254770,16,64468,0.3643924,0.3389711,0.2741663,0.2670033,0.2342889,0.2039194,0.2128098,0.2097354,0.211057,0.2082237,0.2073337,0.2146535,0.2040242,0.2026532,0.2058644,0.2212174,0.20453,0.2214637,0.2053886,0.2035673,0.2085102,0.2037606,0.1969422,0.2042408,0.2051861,0.1897129,0.2048723,0.200777,0.2215526,0.19731,nan
2,5380,916326,91,45853,2.2702389,1.5964228,1.4264158,1.3245096,1.2276444,1.2015526,1.2316074,1.1541836,1.1813913,1.2145494,1.144376,1.1300233,1.1463779,1.129509,1.1032536,1.1067593,1.1490433,1.1469106,1.0302372,1.1987753,1.1432989,1.0721337,1.1325777,1.1076765,1.1442671,1.1269383,1.1692318,1.1375133,1.2375752,1.0298021,nan
2,5383,1158512,55,94906,1.9910375,1.814099,1.3675964,1.296392,1.2562364,1.2177069,1.1177591,1.1736272,1.1174021,1.1459162,1.0856075,1.123505,1.0318724,1.0954614,1.1161706,1.1671501,1.1805056,1.0532406,1.0126942,1.0421593,1.0852614,1.0944088,1.0387949,0.7476893,1.0909046,1.0488903,0.9805606,1.0453595,1.0995211,1.057208,nan
2,5384,1429488,35,173173,1.8681429,1.8113142,1.4336301,1.2997401,1.2651851,1.162858,1.1929297,1.1212078,1.2020473,1.1704097,1.1521268,1.1386124,1.1534306,1.0782981,1.21561,1.0488908,1.2052922,1.0957828,1.0561104,1.136515,1.082737,1.0988107,1.0625667,1.1372962,1.0998711,1.1235045,1.073812,1.0858136,1.0539975,1.0673445,nan
2,5407,929080,44,90787,1.3137367,1.1585895,1.0689648,1.0096387,0.9674346,0.984025,0.8917941,0.8807436,0.8834014,0.827977,0.8415725,0.8590806,0.9009836,0.751139,0.8260578,0.7976273,0.870168,0.8400012,0.8449063,0.865887,0.8941023,0.8468349,0.8002152,0.8999393,0.7666895,0.8085674,0.8970609,0.7904534,0.8194049,0.7395181,nan
2,541,1490050,46,139690,0.6944258,0.6233202,0.506224,0.475778,0.494915,0.5089025,0.458204,0.437748,0.4481213,0.4502435,0.4492539,0.4158511,0.4401464,0.4383095,0.4357605,0.4260461,0.4085581,0.4190729,0.422462,0.4325037,0.4391899,0.4096046,0.4178118,0.404929,0.4049063,0.3992032,0.3913187,0.3963961,0.3998858,0.4368338,nan
2,5415,1260434,88,66205,1.4957385,1.0690272,0.8102527,0.8093697,0.789076,0.6919244,0.785359,0.7527692,0.6785837,0.6944189,0.7365029,0.7687316,0.7355568,0.682344,0.7039298,0.6950731,0.705563,0.771549,0.9103268,0.6795176,0.786469,0.6619556,0.6845408,0.6785259,0.6957432,0.8753647,0.7029469,0.7064323,0.6344305,0.6593413,nan
2,5424,411341,83,22849,1.0595658,0.6176619,0.5516119,0.5758854,0.5058761,0.5173117,0.5082831,0.5255176,0.4982145,0.4990166,0.4462837,0.4632706,0.4732101,0.5212352,0.4977709,0.4866649,0.5024764,0.5306665,0.5134731,0.4890275,0.505612,0.4702256,0.4766273,0.4621017,0.5167943,0.5176396,0.4818789,0.4904422,0.458078,0.4868458,nan
2,5425,745409,66,51763,1.5931633,1.0167434,1.0036011,0.9275969,0.8932509,0.9301634,0.8729118,0.8940329,0.8279928,0.8145664,0.8874442,0.8029947,0.8264095,0.8584648,0.803424,0.8492537,0.8192402,0.8815362,0.7852751,0.8042026,0.8058281,0.7992369,0.7903881,0.7920844,0.8116357,0.8262738,0.7493693,0.7757761,0.820711,0.7520992,nan
2,544,452366,26,75526,0.2318205,0.1810744,0.1692432,0.1580803,0.1644371,0.1788703,0.156215,0.148879,0.154428,0.1632002,0.1505794,0.1414056,0.140136,0.1406692,0.1403377,0.1377324,0.1352608,0.1386716,0.1363189,0.1363568,0.1368384,0.140829,0.1312858,0.1148869,0.1481638,0.1375756,0.1352251,0.1300444,0.1353042,0.136877,nan
2,545,1671038,46,155851,0.7348722,0.642079,0.5181568,0.6091113,0.5783117,0.4718054,0.4553097,0.5264363,0.5142435,0.4611732,0.4405579,0.4259924,0.455828,0.4548465,0.4592151,0.4579403,0.472373,0.4654505,0.4251098,0.4364613,0.4367095,0.5452215,0.44094,0.4459914,0.4563109,0.4290396,0.4411538,0.4576925,0.4447076,0.5449865,nan
2,5458,1259982,12,419155,1.1291837,1.9867911,1.1739292,1.12221,0.9934806,0.9119159,0.8507697,0.8212788,0.8598495,0.8274398,0.918403,0.8708079,0.8805776,0.8755869,0.8191256,0.8448799,0.7808446,0.8261522,0.8320405,0.8706131,0.821351,0.8327093,0.8040017,0.7396118,0.810204,0.8204215,0.7748311,0.8474517,0.8578248,0.8221852,nan
2,5464,466078,55,37165,0.8955323,0.6163947,0.537255,0.5461115,0.5156496,0.5106003,0.4911725,0.4785727,0.4984819,0.4634395,0.3261545,0.5106527,0.4583117,0.4328566,0.4639989,0.4477866,0.4206162,0.4860253,0.4658666,0.331321,0.459758,0.4225447,0.4503677,0.4242589,0.4681326,0.5015688,0.4394431,0.4692285,0.499607,0.4952692,nan
2,5472,186850,30,28099,0.1839068,0.1204414,0.1087824,0.1074465,0.1046149,0.103956,0.1005602,0.1017878,0.097649,0.0959429,0.0959616,0.0944882,0.0736962,0.0797682,0.0860098,0.0791121,0.077148,0.0797102,0.0795447,0.079588,0.0792866,0.076122,0.0817329,0.0771456,0.0796758,0.0765821,0.0819454,0.0748616,0.0811367,0.0809304,nan
2,5475,116399,61,8614,0.292499,0.1946753,0.1409832,0.1917859,0.1869182,0.1765908,0.1706889,0.1735107,0.1954267,0.1528641,0.1793699,0.1735652,0.1713271,0.151703,0.1511969,0.1651037,0.1548856,0.1703572,0.1691941,0.2032903,0.1601845,0.1706108,0.1491897,0.1506724,0.1708634,0.150466,0.1529586,0.1610466,0.1602419,0.1558336,nan
2,5476,290520,20,63994,0.4178071,0.3727895,0.298156,0.2899919,0.2646926,0.240798,0.2725828,0.2469305,0.2530359,0.2455678,0.2442696,0.2524199,0.2569277,0.2418943,0.2414531,0.2397592,0.2403863,0.2351826,0.2406875,0.2375007,0.2403303,0.2244814,0.2458617,0.2386724,0.2436473,0.2199549,0.2359924,0.2398831,0.2279893,0.2396869,nan
2,5498,1285908,81,72754,2.7607247,2.0285822,1.6848063,1.729784,1.6758261,1.5082772,1.4555923,1.3995127,1.4776027,1.5148556,1.5119591,1.5327259,1.360786,1.5320472,1.3945917,1.3409034,1.4401308,1.4501914,1.5076183,1.3724838,1.4855963,1.4083543,1.4578388,1.4677617,1.3947205,1.4603898,1.4199721,1.4400215,1.3598885,1.4505196,nan
2,5519,1289774,34,169351,1.5847273,1.7887639,1.1959625,1.1061804,0.9576445,0.9559215,1.0269984,1.0898147,0.9595443,0.9819208,0.906534,0.9454234,0.777716,0.8935863,0.9635792,0.9074881,1.0150228,0.912884,0.9290083,0.845754,0.9318304,0.9335446,0.9097169,0.9270829,0.8684032,0.9247389,0.8776393,0.9085851,0.8958621,0.9172662,nan
2,552,1455506,68,98623,0.8610559,0.8512297,0.6512555,0.6569249,0.6105749,0.6093877,0.6191881,0.6365586,0.5909565,0.5880334,0.563594,0.6068213,0.574901,0.5218156,0.5450178,0.5510195,0.5524523,0.5335582,0.522125,0.5403323,0.5337726,0.5490165,0.5065228,0.5268761,0.5198604,0.5816795,0.5384186,0.5672428,0.5172689,0.5384655,nan
2,5526,1770008,30,237994,2.0408288,2.5720907,1.7569976,1.5205269,1.4792269,1.3749815,1.402605,1.3287009,1.3767807,1.2953402,1.2813222,1.3856104,1.388229,1.3374423,1.2929024,1.4758722,1.3291614,1.2822312,1.3467969,1.266228,1.3008979,1.5800583,1.4171796,1.2589148,1.3051399,1.2761076,1.2421021,1.3377772,1.2222562,1.2911813,nan
2,5542,313066,92,15958,0.8119565,0.499436,0.5217764,0.4292007,0.4270833,0.4115583,0.4112172,0.4010332,0.4040435,0.3916549,0.3885881,0.3848743,0.2901999,0.3544077,0.3516617,0.357514,0.3496571,0.3657006,0.373322,0.3375092,0.3973872,0.349075,0.3562297,0.3229848,0.3438285,0.3635009,0.3633893,0.3479007,0.3440541,0.2750944,nan
2,5548,123691,56,10270,0.1635125,0.0927904,0.0864219,0.0840966,0.083419,0.0804867,0.0820736,0.0785373,0.0766936,0.0795389,0.0784437,0.0757039,0.0756386,0.0747905,0.0774934,0.0782019,0.0760437,0.077761,0.0783045,0.0778139,0.0765849,0.0607698,0.0652555,0.0680914,0.0635531,0.0644835,0.0708873,0.0685193,0.0653321,0.0656253,nan
2,5553,615956,34,79309,0.9078561,0.7740604,0.6485823,0.6756067,0.6083298,0.6086646,0.6141394,0.5593609,0.6074901,0.5060461,0.6257441,0.5757024,0.5676905,0.5987071,0.5734474,0.5672232,0.5408792,0.5792027,0.4350616,0.5586456,0.5345427,0.5489611,0.5322298,0.5383049,0.5442275,0.5538487,0.5548753,0.5755114,0.5117763,0.565758,nan
2,5561,639905,12,218422,0.7217981,1.2012142,0.6235087,0.5717307,0.5867771,0.6216955,0.52516,0.533949,0.5226955,0.4873655,0.4931086,0.4882692,0.4904658,0.5073419,0.4917125,0.47714,0.4947085,0.4730068,0.5054884,0.4659637,0.4816934,0.4698526,0.4807285,0.4714921,0.4840015,0.5000257,0.4754124,0.5065451,0.4570094,0.477396,nan
2,5565,181438,88,9640,0.5167925,0.3164968,0.3114184,0.3099622,0.2429819,0.2681672,0.2568101,0.2793681,0.2833299,0.2555128,0.2463406,0.2794396,0.2640231,0.2429345,0.2490585,0.2477562,0.1974042,0.24327,0.2534833,0.254501,0.2449376,0.2617731,0.2444091,0.2668491,0.2737445,0.2730557,0.2452277,0.2543563,0.2432815,0.2059082,nan
2,5569,1204532,53,101869,2.0979004,1.8214569,1.3713909,1.1874316,1.2261023,1.1683509,1.1143948,1.1944955,1.1334407,1.2012913,1.1705239,1.0726733,1.1093111,1.2032745,1.1033308,1.0917622,1.0403712,1.1093632,1.0878354,1.0576939,1.1337188,1.090115,1.0727431,1.0809811,1.1930305,1.0907449,1.1525693,1.0796245,1.0752327,1.0939224,nan
2,5578,222100,94,11068,0.6124199,0.3478831,0.2900033,0.309561,0.3304365,0.2861791,0.2705185,0.2829939,0.2691261,0.2728904,0.2608063,0.2256659,0.279038,0.2571187,0.269237,0.2742175,0.2602917,0.2580361,0.2665455,0.2648493,0.2516466,0.2550811,0.2543883,0.2529996,0.2598244,0.2556552,0.2564832,0.2784757,0.2536535,0.2520818,nan
2,5578,343963,55,28696,0.7794056,0.4710278,0.4277762,0.4038726,0.3789357,0.3830633,0.3896949,0.3570618,0.2922297,0.3353991,0.35702,0.3472633,0.3346868,0.3396357,0.3478769,0.3424218,0.2994156,0.3149261,0.346868,0.3059391,0.3364475,0.3137162,0.3290538,0.3412491,0.3313969,0.331191,0.2983223,0.3561515,0.299879,0.324715,nan
2,5593,1773136,45,170485,1.3102682,1.3813119,0.9838237,0.9273932,0.8453715,0.8507179,0.8543607,0.8058909,0.7561285,0.7527639,1.0414808,0.7224131,0.7666715,0.740422,0.9240645,1.1054531,0.7412428,0.6879299,0.7220665,0.7239488,0.7478991,0.719845,0.7169646,0.7473134,0.730927,0.7388808,0.6963843,0.7266408,0.7332042,0.6834745,nan
2,5596,324967,49,30094,0.6524772,0.4497217,0.449158,0.4153303,0.4166484,0.3658412,0.3584139,0.3624599,0.3717721,0.3641948,0.3676699,0.3493572,0.3524758,0.3480933,0.3570637,0.3489333,0.3466014,0.3355607,0.3144458,0.3432816,0.357684,0.3442603,0.3490224,0.3297443,0.3050979,0.3488312,0.2898548,0.3178328,0.3587008,0.3467746,nan
2,5601,1799779,68,118102,1.7122172,1.4576963,1.1694401,1.1231051,1.0313462,0.965775,0.9879272,0.9310201,0.8845277,0.9045669,0.8837682,0.9471248,1.03796,0.874808,0.8624093,0.8766784,0.8122944,0.8904811,0.8962987,0.8455248,0.8154034,0.9154744,0.791526,0.8137042,0.9180891,0.8812941,0.8455301,0.827471,0.9207171,0.8288536,nan
2,5602,1399067,45,136336,2.0990877,2.0340842,1.4614644,1.3924439,1.3361597,1.339037,1.2965445,1.1636756,1.2742914,1.1529799,1.2473478,1.1611501,1.2780155,1.1217012,1.2588352,1.0783399,1.264185,1.2202473,1.288335,1.2561759,1.1908445,1.1085173,1.1137637,1.1631455,1.0891881,1.1802003,1.2647905,1.1188593,1.1723296,1.1920449,nan
2,5612,700346,29,99850,0.5004551,0.414179,0.3431221,0.3220779,0.3261762,0.3091121,0.3042505,0.2954507,0.2884992,0.2903103,0.2951706,0.3098473,0.289089,0.2932073,0.2837343,0.3004138,0.2845884,0.2921061,0.2857098,0.2773668,0.2796999,0.2851875,0.2731036,0.281909,0.2820674,0.2978439,0.2937698,0.2901941,0.2789905,0.2874473,nan
2,5613,136555,92,6907,0.4380657,0.2369479,0.2096989,0.2064519,0.1658365,0.1802675,0.1822747,0.1809061,0.1790879,0.1778498,0.1879071,0.1791266,0.1785439,0.1854945,0.1802887,0.1789299,0.1743656,0.1765305,0.1682311,0.1831209,0.1835368,0.1678736,0.1558607,0.1778887,0.1671333,0.1646964,0.1715223,0.1629566,0.1964676,0.1698602,nan
2,5630,687775,35,88810,1.0110103,1.0083663,0.6725086,0.6589921,0.6229479,0.6224581,0.607493,0.5420342,0.5907925,0.6129995,0.5629024,0.5693434,0.5648694,0.6109091,0.5566015,0.5241927,0.5593077,0.5499286,0.4799509,0.553903,0.5516489,0.5312702,0.5854811,0.4752152,0.5466686,0.5151187,0.5517797,0.5444519,0.5235299,0.5487362,nan
2,5643,1297386,64,91927,2.5257344,1.9188431,1.5902305,1.5203141,1.3452838,1.3929365,1.3826705,1.376641,1.3052964,1.4077902,1.2235096,1.3875271,1.2020893,1.2242155,1.3234796,1.1972946,1.3206264,1.2855014,1.2537156,1.2410637,1.2223293,1.2682312,1.2917151,1.2506289,1.2389543,1.1585926,1.226559,1.2965338,1.2566896,1.2494033,nan
2,5674,1038250,87,53602,2.4994981,1.623631,1.5903623,1.4324588,1.4042034,1.3180485,1.3910068,1.2671178,1.3192285,1.2531448,1.2489375,1.1847004,1.3334488,1.2971252,1.1881827,1.2459114,1.2814452,1.2077401,1.263547,1.1641153,1.25375,1.3049059,1.2176954,1.2353647,1.3319236,1.2480945,1.2497521,1.2922764,1.2051142,1.2140026,nan
2,5676,1933276,22,325948,2.0304486,3.1865083,1.7742951,1.7704794,1.5421479,1.5306161,1.434882,1.465532,1.6926881,1.4100662,1.3169333,1.4011377,1.3179377,1.6627097,1.3870493,1.3008806,1.3812261,1.2711325,1.3555923,1.3124265,1.2699695,1.3887034,1.2617661,1.2819452,1.3044301,1.2756527,1.3750287,1.2864867,1.2835097,1.3177911,nan
2,5684,487494,30,67243,0.720322,0.667851,0.5752223,0.4461744,0.4999252,0.4826611,0.4635341,0.4515961,0.4606948,0.4674386,0.4752612,0.4532222,0.4443715,0.4924638,0.4637317,0.4676035,0.4546886,0.4774187,0.3954151,0.4512078,0.4404125,0.4588794,0.4274398,0.4379332,0.4512072,0.4537379,0.4579315,0.423554,0.4486733,0.4420162,nan
2,569,380377,38,45766,0.2609118,0.2164781,0.2024935,0.1857634,0.1781214,0.1818267,0.1814474,0.1628887,0.1751058,0.1677556,0.1897779,0.1677195,0.1691908,0.1607261,0.1639091,0.1678459,0.1502834,0.1573705,0.1533484,0.1566703,0.1572036,0.1852666,0.1594448,0.163326,0.1623553,0.1605271,0.1478141,0.1572926,0.1798446,0.1635119,nan
2,5693,161969,47,15526,0.3670206,0.1532663,0.1660026,0.1987591,0.1813793,0.1908695,0.1850819,0.18615,0.1782619,0.1960728,0.2302598,0.1403088,0.1920086,0.195364,0.1908934,0.1878801,0.1937998,0.2161543,0.2339372,0.1955031,0.1981172,0.1975839,0.1869849,0.1896117,0.1790501,0.1740944,0.1828869,0.2110943,0.189773,0.2141169,nan
2,5701,915115,88,48379,1.0860264,0.7285515,0.5807353,0.6052233,0.5709638,0.5553965,0.5025122,0.4970291,0.5244129,0.5451392,0.4836754,0.4906152,0.4824855,0.5299448,0.4868945,0.4697108,0.5188599,0.4706219,0.5231624,0.4896348,0.4664356,0.4856242,0.48885,0.480295,0.4961262,0.4748013,0.5357953,0.4680265,0.5077505,0.4918377,nan
2,5744,1567770,36,187864,1.9541654,2.4178101,1.561204,1.4552267,1.424529,1.2774947,1.1988601,1.2706474,1.3103418,1.1957217,1.2677581,1.1679404,1.1907329,1.2262832,1.2092669,1.1695678,1.2244107,1.1931315,1.1150651,1.2118205,1.1461457,1.3051784,1.1727013,1.2389576,1.1475704,1.1848045,1.1281627,1.2458471,1.198113,1.2111138,nan
2,5748,1632351,81,92197,3.5131599,2.6863808,2.14754,2.0447736,1.9525011,1.8648468,1.8335376,1.9479748,1.8313011,1.8310501,1.7848808,1.7881292,1.9279677,1.9247454,1.7322407,1.7806257,1.7674955,1.8113908,1.7494848,2.069273,1.8606729,1.7392339,1.7955781,1.8776773,1.7582411,1.8397764,1.7222684,1.7619946,1.7692794,1.857083,nan
2,5770,579164,51,51580,1.0202697,0.660376,0.6441306,0.6641662,0.6287142,0.6240497,0.6404248,0.6153947,0.5906179,0.5903791,0.5739385,0.5833702,0.5876557,0.4914374,0.5300527,0.5735507,0.6162646,0.549216,0.5809422,0.5669564,0.5846986,0.5391352,0.5458446,0.5738104,0.5632982,0.5524265,0.5669305,0.2570368,0.5534064,0.4900168,nan
2,5772,1688271,61,123046,2.9449392,2.6520309,2.0050266,2.0356589,1.7055679,1.6572767,1.7107401,1.6670814,1.5579998,1.5621777,1.6150632,1.5591127,1.7217125,1.6981615,1.5407377,1.5133941,1.5800985,1.5013915,1.668361,1.5652347,1.6072017,1.5595922,1.5232928,1.5649994,1.6392212,1.5992052,1.6027481,1.5038504,1.5058064,1.5107739,nan
2,579,955329,82,52402,0.7747767,0.7030553,0.5772287,0.5988563,0.5626048,0.5529686,0.5543147,0.4713995,0.5230118,0.5202558,0.5144275,0.508269,0.5250322,0.4789909,0.5292454,0.5111814,0.4573398,0.5686337,0.5339359,0.591643,0.5833218,0.5196936,0.540245,0.4787591,0.557445,0.5639703,0.5738731,0.5719237,0.4921139,0.5750099,nan
2,5802,1201091,42,125182,1.8299702,1.8260321,1.3533957,1.2428699,1.2270145,1.1964217,1.0482293,1.0741097,1.086242,1.0903881,1.1083435,1.1107663,1.1384936,1.0809517,1.0971851,1.0629581,0.9806561,1.0004863,1.0063712,1.0666774,1.0177537,1.1003051,1.0931584,0.9218662,1.0913132,0.9743346,1.0595037,1.044313,1.0018605,1.0424076,nan
2,5803,639817,88,33892,1.6539207,1.0076085,0.8256222,0.8411111,0.8339339,0.8265876,0.7804295,0.7154274,0.7830419,0.7942942,0.7429705,0.7264194,0.77151,0.712588,0.7321873,0.7008709,0.7212909,0.7451291,0.737238,0.7279337,0.7306749,0.6382087,0.7020459,0.6716892,0.7173085,0.6462812,0.7330514,0.7188621,0.6607338,0.6785177,nan
2,5810,1223665,30,171943,1.4240905,1.6438365,1.2182858,1.1191502,1.067312,0.9747256,1.0600745,1.0301092,0.9591551,0.9779878,0.9074262,1.0256811,0.8981547,1.0013643,0.9563778,0.906521,0.9310577,0.9384653,0.9344285,0.8273702,0.9186393,0.8302756,0.9147704,0.9664099,0.9215516,0.9424408,0.9261201,0.9244254,0.9100341,0.8872668,nan
2,5811,134566,35,17401,0.2657361,0.1871429,0.155288,0.1790545,0.190433,0.1692314,0.1841404,0.1581478,0.1705117,0.177944,0.1855879,0.1771831,0.1798443,0.1616843,0.1846488,0.1760962,0.1766345,0.1905292,0.1687278,0.1740772,0.172146,0.1497851,0.145041,0.1605952,0.1622951,0.1567391,0.1694155,0.186255,0.1550456,0.1578194,nan
2,5819,1862084,44,180784,2.4634104,2.708183,1.8031896,1.841048,1.6645134,1.6634607,1.5721329,1.5236988,1.6288253,1.5977799,1.6919096,1.4629913,1.4736785,1.6028225,1.5525287,1.5471247,1.4978042,1.4205057,1.5548652,1.4538732,1.7077454,1.7693445,1.4631314,1.5745759,1.4013448,1.4957254,1.4411854,1.1970748,1.4749305,1.4311692,nan
2,582,1647117,97,79102,0.6209673,0.5272267,0.5092808,0.5259746,0.4657535,0.5116217,0.4480968,0.4405066,0.4808572,0.4693173,0.4481741,0.4515486,0.4559365,0.4493557,0.4425855,0.4744685,0.4421986,0.4275911,0.4269881,0.417685,0.4418295,0.4508659,0.4177019,0.4297285,0.4324898,0.4505352,0.4059058,0.4625078,0.429601,0.4344346,nan
2,5822,126299,27,20716,0.1409175,0.0914507,0.0798319,0.0835813,0.0808257,0.0821125,0.0814755,0.0914681,0.0798249,0.078037,0.0807279,0.0781285,0.0793232,0.0781719,0.0801528,0.0808078,0.079201,0.1210417,0.0656364,0.0657788,0.0683966,0.0641828,0.0714052,0.065941,0.0650568,0.0690547,0.0665659,0.0698995,0.0659241,0.0650082,nan
2,5836,1097427,56,89530,2.0042016,1.6708317,1.3553905,1.4361982,1.2700115,1.0988836,1.1928295,1.1355463,1.045129,1.0512242,1.0872157,1.076973,1.0427582,1.1452768,1.0010658,1.0680468,1.0852058,1.1021012,1.0746686,1.106286,1.0548756,1.0524672,1.0023234,1.1372595,1.1005264,1.0849968,0.931371,1.0648836,0.9879994,1.0803433,nan
2,5839,1149301,68,78658,2.3067981,1.8817293,1.4695683,1.2422589,1.3704506,1.3392583,1.2832366,1.2132451,1.2717156,1.2456183,1.1571954,1.1917369,1.171538,1.1915778,1.2791476,1.1339665,1.2317445,1.1110999,1.1859148,1.1763483,1.2295122,1.2368376,1.2840173,1.1552137,1.105163,1.2494706,1.1502026,1.1456091,1.0810753,1.1495098,nan
2,5841,323694,56,26845,0.7005195,0.4103277,0.4263189,0.3586654,0.3576204,0.3418829,0.3318866,0.3446686,0.3718383,0.1587117,0.3524636,0.3141353,0.3156584,0.3206305,0.3183348,0.3259107,0.3430846,0.3126391,0.3306341,0.3425928,0.3100353,0.3112569,0.3307873,0.3288711,0.3065195,0.3430453,0.3144464,0.2297055,0.3266426,0.2997596,nan
2,5851,1287856,22,237823,1.410377,1.5795215,1.2759464,1.1380416,1.14738,0.9825138,0.9666918,1.0003268,0.9805502,1.0245132,0.9815125,0.8952384,0.9447354,0.9200384,0.9626388,0.9193223,0.8837924,0.9681996,0.8812974,0.886285,0.8332877,0.8963122,0.9037437,0.8859571,0.9328995,0.8554417,0.9219817,0.9442327,0.7481404,0.9163666,nan
2,5858,741163,18,176014,0.8843574,1.0419159,0.6967182,0.6828232,0.6476174,0.5868708,0.5713356,0.5969673,0.5794021,0.5436812,0.5143189,0.5258903,0.5482295,0.4958536,0.5349335,0.5079538,0.5320637,0.526383,0.5386334,0.5294287,0.5305046,0.5202259,0.490539,0.5029193,0.5425667,0.5186765,0.5265557,0.5085324,0.5202024,0.5136465,nan
2,591,741686,16,175753,0.3008878,0.2631316,0.2657423,0.2396212,0.2113079,0.2005913,0.1925107,0.1865474,0.1827805,0.2020762,0.1816247,0.1798178,0.1757746,0.1713964,0.1665975,0.1647619,0.1704071,0.1645859,0.171828,0.165217,0.166842,0.1798296,0.1584083,0.1618919,0.1465537,0.1640441,0.162663,0.185261,0.1634736,0.1611528,nan
2,5931,1784656,52,148369,3.0083719,3.0390364,2.2162372,2.0369751,1.7910335,1.7888644,1.8401295,1.7106756,1.8277174,1.84325,1.873733,1.6685579,1.6473768,1.6520101,1.7674248,1.6638763,1.7361127,1.7105715,1.7338009,1.5501777,1.5340552,1.6144635,1.8319157,1.9730151,1.5207294,1.6119692,1.683309,1.7164037,1.7277485,1.6463792,nan
2,5932,1233011,69,82882,2.4351967,1.9594676,1.4728932,1.3636837,1.4281833,1.2996128,1.3598678,1.2520136,1.3217171,1.2284068,1.2463573,1.1510224,1.2579321,1.319153,1.2375704,1.1787556,1.2464316,1.1668883,1.0320393,1.2687182,1.3067968,1.3347817,1.1847256,1.240746,1.1868431,1.2420574,1.1169121,1.2097664,1.1971514,1.2342384,nan
2,595,1992385,53,158923,0.9656626,0.9334416,0.8171799,0.7772431,0.698839,0.6754539,0.7336098,0.6215899,0.678452,0.6431306,0.5892318,0.5784623,0.7462773,0.5729389,0.6027877,0.6209146,0.7267387,0.5976425,0.5562813,0.6251628,0.6208723,0.7102613,0.6468851,0.5441509,0.6144335,0.6291766,0.6283247,0.6472412,0.614623,0.557959,nan
2,597,648610,43,67021,0.4175498,0.3675359,0.3187132,0.2805603,0.2740519,0.2738564,0.2345888,0.2551544,0.2478677,0.2413612,0.2393569,0.244886,0.2687039,0.2473677,0.2336734,0.2569678,0.231426,0.2350764,0.225686,0.2439085,0.2462313,0.2235012,0.2492582,0.241148,0.2327821,0.2468187,0.2305184,0.2300242,0.2344544,0.2511705,nan
2,5971,1918814,22,368497,1.7841455,3.4927238,1.8566873,1.6372865,1.4229117,1.3702466,1.3455833,1.2970934,1.336985,1.1932549,1.2561035,1.5640706,1.2340676,1.1767773,1.2573709,1.1596255,1.155776,1.3157575,1.554953,1.1419056,1.2121757,1.1360124,1.1629816,1.183891,1.1646165,1.1898038,1.4815113,1.3699498,1.1163326,1.2641496,nan
2,5991,656994,52,58285,1.1974202,0.8365805,0.7471342,0.7301757,0.7343332,0.6247058,0.6940635,0.6644168,0.6565252,0.5181336,0.6483249,0.6488499,0.5959938,0.6473896,0.6735836,0.6250157,0.5928006,0.6166259,0.6084894,0.6331158,0.6592169,0.5482674,0.6305302,0.623612,0.6285292,0.6016583,0.571618,0.6504557,0.6226385,0.6144733,nan
2,5992,1229276,13,340738,1.22243,1.9821215,1.2166583,1.1277245,1.0669466,1.0312603,0.9390895,0.9168552,0.9495217,0.8988199,0.9014954,0.9735936,0.869735,0.8870166,0.8259519,0.8382978,0.8752129,0.8614716,0.8544372,0.8636649,0.8847245,0.7708929,0.8373792,0.9228794,0.8412362,0.8938978,0.826694,0.8417766,0.798441,0.8459963,nan
2,5993,457920,79,26131,1.0261844,0.6440943,0.6015682,0.6246358,0.6159436,0.6137306,0.5675137,0.5462321,0.5699472,0.5597985,0.5811077,0.5834226,0.5530547,0.5862574,0.5769967,0.5508606,0.5609375,0.5827409,0.5325727,0.5147711,0.5421793,0.5636495,0.5172211,0.5480025,0.5591422,0.5759153,0.5759694,0.5428367,0.5298785,0.557852,nan
2,6001,361032,13,101620,0.5549364,0.5148088,0.4193798,0.4167391,0.3987628,0.3833331,0.3656164,0.3793997,0.3725806,0.3566202,0.3468461,0.3581815,0.3686476,0.348144,0.3401241,0.3732343,0.3561863,0.3615517,0.3682232,0.3914945,0.3192005,0.3727839,0.3524153,0.3416365,0.3371057,0.365302,0.359931,0.3553817,0.3416433,0.3275852,nan
2,6015,146395,81,8542,0.4608793,0.2524643,0.2270161,0.24218,0.135538,0.2000949,0.2099365,0.1969048,0.2329446,0.2211753,0.2344538,0.1974654,0.2164126,0.2330109,0.2158601,0.2250997,0.2221634,0.2186064,0.1777499,0.2074704,0.1700462,0.1793282,0.1707832,0.1795808,0.1770363,0.1807835,0.1826901,0.1128659,0.171694,0.1844937,nan
2,6015,1990083,41,201505,1.4413341,1.5279747,2.1172597,1.8585067,1.9102548,1.7585063,1.7660589,1.6823888,1.6831917,1.6689083,1.631514,1.58487,1.643502,1.7334708,1.5832627,1.0881384,0.9491705,0.8403526,0.8495783,0.8119092,0.8116405,0.8846633,0.8169356,0.8556243,0.8469807,0.8262487,0.8157221,0.8200626,0.7983215,0.7976333,nan
2,6068,52451,54,4537,0.1759293,0.0916129,0.0862845,0.082393,0.083056,0.0812817,0.079396,0.0788398,0.0788732,0.0768656,0.0755954,0.0746649,0.0801089,0.0768787,0.0790878,0.0647813,0.0871431,0.0463033,0.0677322,0.0697129,0.0704873,0.0707259,0.0717436,0.0702187,0.0712302,0.0688096,0.0680312,0.0513668,0.069145,0.0716073,nan
2,607,318528,70,21376,0.297336,0.2832581,0.1567491,0.2508564,0.2454097,0.2361553,0.2310507,0.2419915,0.2463441,0.2220693,0.2422263,0.2329912,0.2146078,0.2538916,0.2441777,0.2402316,0.2195515,0.2272464,0.2298508,0.2240458,0.2180593,0.2326495,0.2298616,0.1808801,0.2357581,0.2345339,0.2329653,0.2148744,0.2186765,0.2251489,nan
2,6070,1227423,34,154306,1.6753487,1.6830933,1.3425911,1.0442138,1.0916723,1.0323962,1.051285,1.0148766,1.0248788,1.0504389,0.9995198,1.0448677,0.983161,1.0812942,1.0345841,1.023671,1.0380937,1.093826,1.0130672,1.0006882,0.9249984,1.0317803,0.9937052,0.9191222,0.9628232,0.9650013,0.9325422,0.9877679,0.8900231,0.9724375,nan
2,6072,982021,32,126829,1.3521059,1.3430005,1.1173687,1.0533877,0.9048752,0.9373199,0.8947942,0.8491837,0.8828936,0.9218024,0.9049831,0.9195002,0.9735328,0.832188,0.8506583,0.8668562,0.8615518,0.7766497,0.862058,0.842913,0.8150518,0.8356598,0.8248467,0.8121326,0.8497227,0.7937959,0.8418435,0.8602403,1.0057846,0.8393732,nan
2,6082,658576,87,34987,1.7766457,1.0419653,0.8493707,0.8626998,0.8745887,0.8210341,0.8164037,0.8722796,0.8151466,0.809125,0.7445205,0.7730304,0.8188706,0.7726167,0.7853084,0.7952891,0.753651,0.7943338,0.8241349,0.8186306,0.7468649,0.7567081,0.813907,0.7714071,0.7922038,0.7405888,0.8270626,0.7605712,0.7008307,0.8088527,nan
2,6084,1432868,48,131860,1.1523277,1.1362616,0.8399794,0.7516326,0.6906827,0.7880561,0.6979675,0.9068123,0.9819625,0.6523774,0.6274259,0.6695408,0.6348441,0.6457595,0.6334826,0.6912687,0.8768297,0.6185212,0.5902971,0.6447448,0.6424395,0.6299807,0.6195732,0.7353593,0.5804312,0.639084,0.6262962,0.6006993,0.652449,0.8445399,nan
2,6111,128671,19,28576,0.24197,0.1662257,0.1610915,0.1502048,0.1482846,0.1487983,0.1601416,0.1432952,0.1411873,0.1459482,0.1405412,0.1418206,0.0972873,0.1112393,0.1407203,0.1218658,0.1273166,0.1284104,0.1251601,0.1265866,0.1259521,0.121467,0.1261655,0.1269495,0.1277871,0.1267053,0.1313413,0.130565,0.1307312,0.1277815,nan
2,6112,1216812,73,76102,1.3533999,0.9433941,0.8739709,0.8116843,0.763636,0.6809673,0.7770199,0.7154241,0.643874,0.7146183,0.6430841,0.6625676,0.624496,0.6399204,0.6136302,0.6358024,0.6642292,0.6273881,0.5923406,0.6488043,0.5917098,0.6325844,0.6194762,0.6679964,0.6639365,0.6360954,0.6478299,0.6644462,0.6546246,0.5901488,nan
2,6113,81551,52,7402,0.2282454,0.1230305,0.1158233,0.1113032,0.109384,0.1091422,0.1078495,0.1054928,0.104393,0.0859014,0.1042084,0.0996628,0.0962778,0.0966583,0.0946108,0.0931501,0.0957957,0.0950423,0.0898334,0.0995146,0.0927182,0.0972458,0.0954528,0.0922129,0.0930796,0.094703,0.0881213,0.0974193,0.0966341,0.0924285,nan
2,6127,1678303,52,146956,2.6321173,2.5071585,1.8162785,1.645353,1.641322,1.5480361,1.5934223,1.4164857,1.4971493,1.4974808,1.3683776,1.4867677,1.5119333,1.282324,1.5053997,1.4086422,1.5010439,1.3555888,1.5470418,1.3529913,1.4388265,1.4117983,1.3624251,1.4484301,1.3830604,1.4934115,1.3312345,1.3588721,1.4327673,1.418034,nan
2,6127,1693174,20,310036,0.9781502,1.2622589,0.888345,0.7637985,0.7454361,0.6967464,0.7176985,0.8082876,0.674596,0.6633822,0.6388846,0.6395156,0.6299249,0.8101532,0.6353095,0.6351798,0.6170401,0.6261581,0.6112758,0.6235238,0.6119664,0.632039,0.8017069,0.7980479,0.8094728,0.5982334,0.6062127,0.6065334,0.6109573,0.6101332,nan
2,6143,1309016,24,239056,0.8416168,1.0015633,0.7250044,0.6068754,0.7009685,0.5539798,0.5284997,0.5051791,0.4999974,0.5030698,0.5004086,0.4833737,0.4878194,0.4819994,0.5041151,0.4843104,0.4789895,0.4668858,0.4725651,0.4682529,0.4667813,0.4650477,0.483201,0.4594496,0.4580172,0.4686449,0.4580932,0.4574682,0.4681367,0.4533258,nan
2,6156,706107,20,151867,0.9360424,1.0327172,0.8015944,0.676538,0.6573604,0.6507276,0.5488014,0.5879842,0.5513843,0.570778,0.4849033,0.5562192,0.5503238,0.5219152,0.5499547,0.5408647,0.5273732,0.5577752,0.5106295,0.5188111,0.5517736,0.5163472,0.554155,0.5229632,0.5191667,0.518105,0.5008676,0.529495,0.4958901,0.5005526,nan
2,617,1560578,29,218590,0.6057454,0.5705177,0.526133,0.4580582,0.4510573,0.4262614,0.3997592,0.4064621,0.3821518,0.367036,0.355499,0.331828,0.3507839,0.3527244,0.3760716,0.3518119,0.3447898,0.3362584,0.3509385,0.3422616,0.4371745,0.3485143,0.315975,0.3201911,0.3178528,0.3458514,0.3397644,0.4521206,0.331886,0.3336645,nan
2,6179,324954,65,23251,0.3900358,0.2415114,0.2323699,0.2492372,0.1955804,0.1882655,0.1861299,0.1972603,0.1806073,0.1893406,0.1968306,0.1946782,0.1835651,0.1924188,0.182217,0.1772901,0.1639076,0.1875456,0.1789702,0.1896625,0.1782388,0.185021,0.1769484,0.1852117,0.1831601,0.1805372,0.1722873,0.1782613,0.1740469,0.1855657,nan
2,6201,1864961,75,110029,3.9882126,3.1994865,2.3593733,2.3197469,2.2628318,2.3165098,2.2272268,2.1703791,2.1753695,2.165882,1.9837634,2.1334045,2.0592597,2.0632316,2.0619727,2.0137031,2.0191185,1.9886062,2.1324293,2.3835548,2.0943572,2.0276119,2.0584282,2.0522801,1.9730514,1.9076429,1.9191365,1.9617425,1.913863,2.0742459,nan
2,6209,1960482,63,135676,1.8526339,1.680986,1.2770702,1.1415542,1.1178469,1.0544434,1.2635309,1.006292,1.0253382,1.075037,1.289255,1.4408768,0.98485,0.9175367,0.9715183,0.9468688,0.9480914,1.2312517,1.2733178,1.3074937,0.9286689,1.0519389,0.9028179,0.9032992,0.9277006,1.0658387,0.9342903,1.2290247,0.8858036,0.9279273,nan
2,6236,1497942,78,87187,3.1994362,2.6196528,2.0172414,1.920805,1.8124975,1.8514694,1.8674153,1.8721978,1.634722,1.7586246,1.806824,1.7630404,1.7379692,1.7261328,1.6743624,1.7776179,1.613737,1.684693,1.5628036,1.6965541,1.6088828,1.7156929,1.581781,1.7150694,1.5831402,1.6571956,1.6445092,1.6698508,1.6742973,1.9152199,nan
2,6271,1537432,89,79051,1.7525917,1.3089313,1.0815789,0.9980229,1.0332307,0.9310784,0.9538143,0.9546756,0.8733682,0.9766344,0.9543843,0.8549622,0.9325983,1.0283669,0.9169193,0.9057443,1.0575224,0.8856608,0.8987438,1.00873,0.9153951,0.904637,0.8427764,0.8860438,0.8559982,0.8825962,0.8336549,0.930729,0.856691,0.8660021,nan
2,6289,463125,33,56815,0.3662908,0.310981,0.264318,0.2505406,0.2462587,0.2370349,0.2315177,0.2299073,0.2205824,0.2334374,0.2223784,0.2422357,0.2052963,0.2181266,0.22869,0.2349175,0.2129708,0.2146563,0.2234601,0.2080161,0.2079091,0.2037239,0.2078807,0.211358,0.2235834,0.2127334,0.2098959,0.2008664,0.2087824,0.2267547,nan
2,6293,97909,68,6694,0.3224077,0.165142,0.1737927,0.1444109,0.0748762,0.1288952,0.1192422,0.1313803,0.1203804,0.1208953,0.1278686,0.1220429,0.1227708,0.1221316,0.1222432,0.1266998,0.1166314,0.1197029,0.1242015,0.1170728,0.1211238,0.1211634,0.1166009,0.115546,0.1255688,0.1114617,0.141612,0.1209763,0.0889886,0.1051383,nan
2,6298,1476959,53,123655,1.2736349,1.2635396,0.8970338,0.8168692,0.8308958,0.7526789,0.7200191,0.7377906,0.9939634,0.8040423,0.7063337,0.7303405,0.6857471,0.7139078,0.7260033,0.6859427,0.7087915,0.6608837,0.7179745,0.68991,0.9181659,0.9323726,0.7725125,0.688459,0.6502655,0.6751249,0.7260486,0.6994344,0.6796348,0.6543118,nan
2,6298,809454,61,59482,1.672744,1.1849388,1.0016779,0.9859045,0.980945,0.9789713,0.9296622,0.9121107,0.8648372,0.930583,0.8870881,0.8289247,0.8950939,0.8945904,0.6640094,0.8607597,0.8375313,0.9251678,0.8794388,0.8783272,0.8088297,0.8274627,0.8738143,0.858535,0.813132,0.8900874,0.8619194,0.9035337,0.8259307,0.8386127,nan
2,630,1246468,13,354229,0.3638761,0.3702557,0.3370367,0.2938149,0.2765406,0.2775199,0.2619785,0.2459076,0.2411764,0.2367277,0.2362144,0.2280215,0.2309031,0.2383153,0.2343026,0.2374504,0.2384536,0.2256702,0.2358979,0.2242159,0.2223474,0.220376,0.2215294,0.2257318,0.2120988,0.2141572,0.2115252,0.2137615,0.2084276,0.2892466,nan
2,630,1788023,100,81028,1.6454779,1.4689651,1.1947241,1.2260028,1.1688158,1.1107498,1.0552144,1.041266,1.0803201,1.0720571,1.0839021,1.0408244,1.162824,1.0960456,1.0468645,1.022473,0.9987578,1.1190227,1.0184604,0.9893665,1.0454021,0.9646256,0.9335621,1.1078109,1.0790772,0.9471546,1.0181167,0.9625405,1.0507752,0.9778569,nan
2,6315,1689673,46,156295,2.6808662,2.6971512,1.8754843,1.6776759,1.7144156,1.5785008,1.5790828,1.6051304,1.5294116,1.6576092,1.4802626,1.608496,1.5841512,1.5348211,1.490655,1.5171164,1.4646621,1.4857104,1.4128977,1.4587891,1.6677006,1.4625557,1.456971,1.4952121,1.3786766,1.5962668,1.4260828,1.4290889,1.4828782,1.670772,nan
2,6316,1790804,16,394363,1.5775127,3.360412,1.6366756,1.4147507,1.415167,1.5049866,1.5537103,1.3453049,1.3998919,1.3807758,1.3644856,1.4013594,1.3291866,1.2985598,1.3649651,1.2243352,1.5577168,1.2949826,1.3240722,1.2068889,1.273082,1.2765648,1.3254643,1.2994078,1.2355994,1.2652528,1.3663105,1.2900932,1.0611678,1.3205619,nan
2,6320,1697740,58,128584,3.0146096,2.6746042,2.1506023,2.1316105,1.952441,1.9346993,1.7812788,1.7255027,1.8767247,1.695731,1.867917,1.6853189,1.7610648,1.7183789,1.7822942,1.6952755,1.7672939,1.8563221,1.8379714,1.9287432,1.7818754,1.6730032,1.735432,1.7585377,1.7674533,1.7231692,1.6468167,1.6591204,1.7293865,1.6873003,nan
2,6357,311398,17,79024,0.4880373,0.4424002,0.3904094,0.3242672,0.3131566,0.3074882,0.3018829,0.3216847,0.2931741,0.2899425,0.2919522,0.2996655,0.2894555,0.2848513,0.2808716,0.2736847,0.314761,0.288768,0.2888388,0.2611463,0.289596,0.2859976,0.2891334,0.2785187,0.278198,0.3122246,0.2844624,0.2789852,0.2842875,0.2897845,nan
2,6388,1794758,29,265603,2.0639631,2.871043,1.8006888,1.5225112,1.4866791,1.3977567,1.3804094,1.2620903,1.3728654,1.3291354,1.33555,1.2513937,1.4213243,1.399978,1.3751318,1.2606598,1.2907922,1.419062,1.2668202,1.2943688,1.2811301,1.278759,1.3576569,1.2622358,1.3159771,1.2503953,1.3097337,1.5842158,1.4736427,1.228579,nan
2,6389,1658377,71,105256,3.5926448,2.5080758,2.3063395,1.9688661,2.1557115,1.9886995,1.8949417,1.9191808,1.7272181,1.725503,1.7942525,1.8033767,1.8780986,1.7337142,1.7280924,1.604969,1.8804431,1.7717261,1.7206115,1.7946328,1.6440832,1.9156787,1.7309437,1.7598847,1.702072,1.8557694,1.7821276,1.6656782,1.822064,1.7521875,nan
2,6393,955543,28,137671,1.135923,1.3749732,0.972163,0.9519136,0.9093561,0.9032236,0.8790252,0.8990118,0.8943976,0.8586934,0.8018788,0.7672886,0.8113385,0.8594906,0.9206328,0.751363,0.7747198,0.8278547,0.8139066,0.8090258,0.84794,0.8218132,0.7203136,0.8013799,0.8383643,0.7811779,0.784112,0.8156378,0.7569939,0.7986223,nan
2,6395,1877232,74,112186,1.8904633,1.5129667,1.2731066,1.1667381,1.2782549,1.1351819,1.1310968,1.0721094,1.1729985,1.0828059,1.0099488,1.0418351,1.1269647,0.9539362,1.1236801,0.9878947,0.9740401,0.9347632,0.9925763,1.0026711,1.2417305,1.1071883,0.927517,1.0870172,0.9649959,1.0764034,0.958257,0.9127725,0.9969539,0.9266362,nan
2,6403,34188,37,4369,0.1355522,0.0696699,0.0647253,0.0608381,0.0635708,0.0620786,0.0673162,0.0619159,0.0630155,0.0633961,0.0641485,0.0637522,0.0830679,0.0367909,0.0626488,0.0634145,0.0627648,0.0650981,0.0624079,0.0622926,0.062423,0.0630629,0.061478,0.062327,0.0622068,0.0616383,0.0638179,0.0641355,0.0622531,0.0621734,nan
2,6406,1166649,69,77107,1.2544974,0.913351,0.787173,0.753602,0.682524,0.668817,0.7387912,0.6856892,0.6932326,0.6260094,0.6363477,0.657488,0.6533534,0.6997347,0.9058059,0.8466702,0.622942,0.6387438,0.5878205,0.6371082,0.6049076,0.6280984,0.619425,0.6067118,0.6959513,0.6139144,0.7032969,0.6344852,0.615601,0.6391153,nan
2,6406,41840,64,3064,0.1742737,0.1226479,0.1072415,0.1277952,0.1056046,0.1098162,0.108916,0.1093262,0.1029491,0.1155668,0.1149792,0.098581,0.1178836,0.1175655,0.1078607,0.1197788,0.1305212,0.120239,0.1254653,0.1097239,0.1127725,0.1343496,0.1089275,0.1149104,0.1161217,0.1187519,0.1230841,0.1178056,0.1283734,0.1114338,nan
2,642,1037351,63,72274,0.7198889,0.6951165,0.5753894,0.5846483,0.6090547,0.5632501,0.5843254,0.6054764,0.5643911,0.5567818,0.5494794,0.5614423,0.5242636,0.4997395,0.5242671,0.505257,0.518074,0.4855934,0.5243614,0.5457848,0.5113182,0.503839,0.4718537,0.4977742,0.4652477,0.5193834,0.5385576,0.471398,0.482124,0.4853998,nan
2,6434,614052,48,59248,1.066096,0.7961038,0.6141828,0.6661299,0.623471,0.6396771,0.6369984,0.6674044,0.5781936,0.5940734,0.5654671,0.6130968,0.5417565,0.5224059,0.570381,0.5205396,0.5605472,0.5239371,0.5723509,0.5465163,0.5516063,0.5909562,0.5339917,0.5604041,0.5668375,0.555267,0.5538213,0.5157562,0.5485432,0.5468301,nan
2,6439,101615,65,7291,0.175001,0.086183,0.0800281,0.0621873,0.0695945,0.0667614,0.060419,0.0664199,0.064286,0.0588964,0.0667116,0.0643341,0.0604863,0.0676099,0.0647357,0.0626253,0.069771,0.0657106,0.062558,0.0642951,0.0654452,0.061026,0.0648943,0.0630298,0.0593527,0.067335,0.0654348,0.0609062,0.0641307,0.0603379,nan
2,6454,609885,75,37948,1.399225,0.9228166,0.8466011,0.8527428,0.8183135,0.8234499,0.7005529,0.7638476,0.7382659,0.7666745,0.7458161,0.7926075,0.6981979,0.6585256,0.6930522,0.7198322,0.6864535,0.7403922,0.6947592,0.7504475,0.6851224,0.6265868,0.7001001,0.6833686,0.6656011,0.7035116,0.7285427,0.6858662,0.707482,0.6883314,nan
2,6458,775116,27,118600,1.0980829,1.1314466,0.817538,0.7719706,0.7442499,0.7520739,0.7259336,0.7322058,0.7115576,0.6505949,0.6651163,0.6685933,0.6296426,0.6782234,0.6455588,0.6873579,0.6507407,0.6837901,0.6189704,0.6715893,0.6374127,0.5586761,0.6564597,0.6723547,0.6205656,0.6628762,0.6820183,0.6224125,0.6162689,0.6552443,nan
2,6467,229493,76,14065,0.5994702,0.3533595,0.3545257,0.3431811,0.3333663,0.338476,0.3493912,0.2869651,0.306267,0.2961177,0.2974468,0.2971914,0.2869428,0.2884396,0.3000539,0.2776471,0.2888761,0.2836378,0.2851834,0.2714109,0.2907539,0.2833508,0.2775864,0.271782,0.2795528,0.2857322,0.2806764,0.2787816,0.2916685,0.2777592,nan
2,6485,1496855,11,450952,0.7941373,1.5086657,0.7794527,0.7098416,0.6815488,0.6817846,0.6009553,0.5959225,0.5838742,0.581058,0.6363975,0.8187572,0.5814266,0.5630313,0.5619965,0.5620218,0.7693168,0.7422889,0.6068643,0.5417151,0.5495011,0.5296265,0.5310933,0.5445051,0.5413636,0.5426318,0.5371356,0.700942,0.7130544,0.7171593,nan
2,6495,433399,90,22561,1.1831319,0.7046213,0.4999555,0.5757281,0.5372402,0.4772565,0.5106082,0.4954293,0.5208546,0.4348508,0.5112777,0.5160374,0.4975609,0.4765272,0.4782247,0.4994453,0.471204,0.4904811,0.469237,0.4221259,0.4742531,0.488897,0.4675818,0.4650708,0.4757911,0.4906333,0.5014282,0.5215364,0.4623906,0.4950257,nan
2,6499,1600340,65,110332,3.1814387,2.6125426,1.9827406,1.9521075,1.8858705,1.9687729,1.7983704,1.7212683,1.8556025,1.863431,1.6181317,1.7582478,1.5716774,1.6938564,1.7200664,1.6557334,2.1217494,1.5685059,1.7618061,1.5479986,1.717062,1.6183575,1.6227651,1.6561858,1.8367794,1.6612069,1.7361954,1.9803665,2.0107107,1.6014527,nan
2,6501,612610,80,35521,1.4491598,0.9214368,0.8722562,0.8619412,0.8430633,0.8464715,0.7824635,0.7990502,0.7469783,0.7465361,0.7563094,0.735767,0.7351711,0.6770465,0.7007944,0.7240535,0.7289238,0.7220361,0.7361799,0.7281589,0.7395087,0.6527769,0.6959767,0.7537247,0.6831491,0.7362945,0.7196889,0.7388123,0.7339277,0.6494024,nan
2,6516,264087,66,18502,0.6887474,0.4005148,0.4226436,0.3874968,0.3864761,0.4081467,0.4055767,0.3550033,0.3919256,0.3578331,0.3613337,0.304258,0.360273,0.339952,0.3330212,0.3501583,0.3499078,0.3351482,0.3361747,0.3643875,0.3471054,0.3248901,0.3595068,0.3383243,0.3297041,0.3437749,0.3444706,0.3564373,0.3641356,0.3504777,nan
2,6523,1484245,93,74650,1.907823,1.3296245,1.0208303,1.0244314,0.9382908,0.9088994,0.8601344,0.9903444,0.9309676,0.9060086,0.8859491,0.9037269,1.0153837,0.8151873,0.9427047,0.8607789,0.9123766,0.8332726,0.8323015,0.8377826,0.9170205,0.8406762,0.8418409,0.8151544,0.912543,0.8507174,0.8608192,0.8102561,0.8390661,0.7816774,nan
2,6556,1798221,62,129001,3.0334941,2.8093328,2.0516441,2.1541641,1.9290216,1.9134818,1.785108,1.7783803,1.8513165,1.8312366,1.8378458,1.7536785,1.7288096,1.6256318,1.8115716,1.845021,1.795253,1.8553348,1.7974254,1.5748898,1.7721047,1.7142871,1.8032392,1.7347625,1.5575583,1.4280168,1.7410175,1.7754806,1.676097,1.6450405,nan
2,6563,1428765,51,123580,2.2560353,1.966357,1.5029702,1.5715039,1.4925662,1.5146649,1.3335922,1.3572848,1.3627284,1.460035,1.2877689,1.277823,1.3861811,1.3499842,1.3220415,1.2478149,1.3145301,1.2366597,1.3779183,1.2749226,1.2501809,1.2835781,1.2615542,1.1670684,1.2652933,1.2208619,1.2222007,1.1310896,1.336289,1.3485953,nan
2,657,21407,28,3496,0.0166764,0.0157884,0.0160478,0.0160825,0.0163608,0.0158968,0.0169947,0.0166818,0.0168092,0.0171269,0.0161365,0.016761,0.0163101,0.0159106,0.0165185,0.0174652,0.0178196,0.017545,0.0167653,0.0170383,0.0163476,0.0160102,0.0164957,0.0161106,0.0169496,0.0167694,0.017172,0.0107445,0.0178679,0.0171941,nan
2,6570,1963897,73,118618,3.8572999,3.1138991,2.7039811,2.4876464,2.3558022,2.2951041,2.2851619,2.1805839,2.2204703,2.1533549,2.0189262,2.1154166,2.2895711,2.2108843,2.0630618,2.1498978,2.0317163,2.0895136,2.4590387,2.5384412,2.0305939,2.1736285,2.0211658,2.0272665,2.1701865,2.1485002,1.9860623,2.2723928,1.8989127,2.0456034,nan
2,6571,1976101,20,352642,2.0716811,3.2683953,1.8163325,1.8374398,1.6553976,1.6767011,1.5885125,1.5234482,1.5453453,1.582862,1.6158523,1.4992595,1.5025425,1.4426359,1.5154667,1.423163,1.3999868,1.5028838,1.8569517,1.6342199,1.4896635,1.3793933,1.4238575,1.4681396,1.3706908,1.4847178,1.7585179,1.7127085,1.408948,1.47259,nan
2,6597,197480,74,12457,0.5179846,0.2883898,0.2789962,0.2657788,0.2289069,0.2411048,0.24148,0.2335014,0.2197571,0.141757,0.221429,0.2191478,0.2193262,0.2183894,0.2124519,0.2100513,0.2353428,0.2371861,0.2142686,0.2204734,0.173011,0.2150296,0.2177475,0.2154327,0.2055897,0.204663,0.2214021,0.2183177,0.2169976,0.2062822,nan
2,6620,344612,58,27484,0.4098157,0.2443727,0.216117,0.2130428,0.2203427,0.1810601,0.1813536,0.1771823,0.1755906,0.1797948,0.1672919,0.1746879,0.167346,0.1691659,0.1680759,0.1798964,0.1667511,0.1671622,0.1674813,0.1733037,0.1723213,0.1744206,0.1692459,0.1720485,0.1715932,0.1680825,0.1561405,0.1710162,0.1700473,0.1786089,nan
2,6630,383197,22,75163,0.6185213,0.5534741,0.4080976,0.4203817,0.3923301,0.3442973,0.3522364,0.350296,0.3707281,0.342757,0.352748,0.341556,0.3442388,0.3448137,0.3268619,0.339412,0.3370158,0.3377102,0.3172405,0.3356251,0.3342032,0.3146984,0.3387566,0.335078,0.3319443,0.3440517,0.3530855,0.3286501,0.3167564,0.3341287,nan
2,6639,1701430,68,110377,3.5146347,2.5248542,2.1431106,2.0097288,2.0008087,1.4850026,1.7835151,1.7768382,1.758896,1.7342762,1.7934088,1.7101979,1.6589987,1.8838148,1.7775453,1.6352176,1.6914682,1.6548355,1.7256252,1.592002,1.8074951,1.6459211,1.7256336,1.7103415,1.7594584,1.6074119,1.7008605,1.6114337,1.6917838,1.5663576,nan
2,6642,1368846,86,73132,1.6272292,1.1272087,0.9963822,0.9032399,0.9601011,0.864633,0.9425015,0.8695725,0.8432321,0.8558603,0.7647873,0.905289,0.8388873,0.8473614,0.8868361,0.7755075,0.8285569,0.7913142,0.8801927,0.7657359,0.7898254,0.8459194,0.8269413,0.8377239,0.8916909,0.7773041,0.8053352,0.788689,0.7939501,0.7907975,nan
2,6646,324181,79,19114,0.4428675,0.2658405,0.2148182,0.2000307,0.2101589,0.2069179,0.1893318,0.1886812,0.1899956,0.1924193,0.1849985,0.1799448,0.187657,0.1852458,0.1796582,0.1858854,0.1831608,0.1775956,0.1807457,0.1765966,0.1901653,0.1871066,0.1860177,0.1769699,0.1819398,0.1779417,0.1795112,0.1788356,0.1821804,0.1843953,nan
2,6678,771685,75,47017,1.8096476,1.2754652,1.0577336,1.044908,1.0566162,1.0056857,0.9176401,0.9204514,0.9217612,0.9535773,1.0010461,0.9149009,0.8860274,0.9760974,0.9250605,0.893525,0.9286368,0.8751149,0.827093,0.8696839,0.9082897,0.8245403,0.9019011,0.8569105,0.8161147,0.8998395,0.8495202,0.8855515,0.889009,0.9251871,nan
2,6694,1138189,74,70969,2.5200024,1.7626912,1.6704522,1.5142658,1.3665777,1.4139599,1.3837179,1.3956826,1.2771578,1.3566732,1.2536827,1.34437,1.3134477,1.3730681,1.3372763,1.2416348,1.2755709,1.2190022,1.3088388,1.2658009,1.3304582,1.3263048,1.2384619,1.2597346,1.3491992,1.2752787,1.283217,1.1535744,1.2732598,1.1353171,nan
2,6720,1729070,30,234361,2.0965344,3.2569523,1.6594903,1.719415,1.519361,1.5635338,1.4679663,1.5672133,1.4198066,1.3503193,1.3611483,1.3594942,1.404833,1.3401824,1.4608398,1.4019559,1.2867688,1.4195514,1.3351853,1.4039973,1.3268048,1.3674593,1.3598289,1.3763009,1.2803491,1.3563043,1.2824675,1.3211488,1.342918,1.3191586,nan
2,6727,1151262,19,261118,1.2828091,1.8820638,1.1315642,0.946442,0.9522709,0.9029113,0.8953828,0.862153,0.812975,0.9144774,0.8190306,0.8328863,0.8425882,0.8234215,0.8498187,0.8088712,0.8870349,0.8099986,0.9103107,0.8193537,0.8855478,0.7958282,0.8471691,0.8037659,0.8046874,0.7996558,0.8160337,0.8013709,0.8591798,0.8164224,nan
2,6752,402459,35,52012,0.3608616,0.2612417,0.2159101,0.2060241,0.2066882,0.2035473,0.2100673,0.1887822,0.1857985,0.1879359,0.1892702,0.1918739,0.1878298,0.1890347,0.1882382,0.2014502,0.183151,0.1811307,0.1904997,0.1842029,0.1863704,0.1847025,0.1838536,0.1860306,0.1820762,0.178788,0.1840857,0.1804659,0.1799441,0.1840427,nan
2,6758,972292,15,219919,1.1305731,1.2989728,0.9684795,0.9837953,0.9166885,0.8709747,0.7643677,0.8190955,0.7989676,0.7472074,0.8329697,0.7744958,0.7949501,0.7710416,0.6537809,0.7771538,0.8303191,0.7220532,0.7761046,0.7169511,0.7973266,0.7110694,0.8775126,0.7416174,0.7705513,0.8012769,0.7719247,0.7585528,0.681743,0.7487262,nan
2,6771,34326,63,2617,0.1472195,0.077369,0.0698249,0.0700669,0.0691049,0.0690378,0.0680557,0.0598705,0.0482313,0.0615884,0.06494,0.0629446,0.0666987,0.0630858,0.0620665,0.0642613,0.0649369,0.066219,0.0617959,0.0641021,0.0588417,0.0640114,0.0616243,0.0622768,0.0636468,0.0649384,0.0628873,0.0654454,0.0646398,0.0629598,nan
2,6790,1091444,80,62806,2.535428,1.9617986,1.5036774,1.4013667,1.3350459,1.0274358,1.2167602,1.3826711,1.3276119,1.2410213,1.1853188,1.2554571,1.2076288,1.3173219,1.2281032,1.2356863,1.1852257,1.240238,1.3235458,1.2749901,1.2033594,1.2110345,1.2079887,1.2241783,1.2386479,1.2088782,1.1917778,1.247079,1.1295276,1.2584117,nan
2,6795,564512,13,183382,0.745979,0.8739838,0.6010562,0.5537704,0.5299391,0.5128138,0.5067823,0.5491803,0.4882656,0.5104812,0.4970802,0.4674944,0.5091509,0.4855155,0.4845083,0.4651662,0.4791667,0.520467,0.4792358,0.4543252,0.4763471,0.5158459,0.4663552,0.4759264,0.4563986,0.4557115,0.4643073,0.488803,0.465047,0.4734523,nan
2,6797,1022743,25,173089,1.2976094,1.3610634,1.0341823,0.9260435,0.9816598,0.8806961,0.8680972,0.8297,0.7992403,0.8205685,0.7844098,0.8227587,0.8005414,0.7672692,0.8833832,0.9763064,0.9343669,0.7885186,0.7437102,0.8270668,0.7328044,0.7332148,0.8086141,0.7585102,0.772649,0.7824645,0.7692296,0.8051012,0.795148,0.9052709,nan
2,6797,56728,36,7204,0.1639073,0.1062588,0.0906064,0.0861494,0.0722471,0.0862516,0.0889789,0.0837266,0.0861746,0.0885212,0.0889762,0.081956,0.0824034,0.0801688,0.0805069,0.0836726,0.0840407,0.0816746,0.0847632,0.0882353,0.0833506,0.0845222,0.0837764,0.087023,0.0809507,0.0820336,0.084465,0.0847176,0.0840442,0.08532,nan
2,6798,466023,79,27487,1.2230291,0.6153923,0.6959353,0.6407029,0.6750972,0.6052073,0.6341635,0.6225964,0.6058659,0.5953005,0.5875337,0.6188772,0.6126587,0.572021,0.6110157,0.5767352,0.6061947,0.5686467,0.5758303,0.5777571,0.559177,0.5942139,0.552877,0.537754,0.5469805,0.5605814,0.5926736,0.5219411,0.5761508,0.5775743,nan
2,6800,1066351,65,75034,2.1800605,1.6366463,1.3711633,1.2517949,1.3081941,1.1488636,1.2305411,1.1710419,1.126337,1.1178832,1.084774,1.2343081,1.1109589,1.114572,1.1699554,1.1142041,1.1389232,1.1349244,1.2091521,1.0870041,1.2067014,1.103584,1.1343516,1.1667032,1.1275535,1.1578183,1.1553506,1.1214652,1.1567267,1.0730909,nan
2,6805,983784,92,48934,2.5397039,1.6629254,1.5896293,1.4238579,1.411138,1.3727225,1.3638294,1.3839242,1.2849512,1.2599737,1.348382,1.2298378,1.2451085,1.3633036,1.334267,1.263736,1.2287323,1.2483072,1.248317,1.3644182,1.2666934,1.2248367,1.1952983,1.199464,1.1656691,1.2565204,1.2535133,1.181173,1.2506002,1.1891697,nan
2,6811,232297,75,14437,0.3236073,0.1745276,0.1832049,0.169093,0.1689809,0.1632872,0.1623346,0.161946,0.1577303,0.1533292,0.1441647,0.1623913,0.1498387,0.1678232,0.1512787,0.171016,0.1635359,0.1523307,0.1628246,0.1530411,0.1622533,0.1406615,0.1497537,0.1488414,0.1473845,0.1411635,0.1535426,0.1444995,0.1548217,0.1574492,nan
2,6829,215385,12,69160,0.3865762,0.3477897,0.2920539,0.2400979,0.2425652,0.2549092,0.2420388,0.2304233,0.2505611,0.2305769,0.227626,0.2298085,0.2245913,0.2508395,0.2220665,0.2580712,0.2436063,0.2435802,0.236219,0.2330374,0.2319102,0.247221,0.2481745,0.2353695,0.2429008,0.2408692,0.2331004,0.2252545,0.2303642,0.2312123,nan
2,6829,251542,16,57913,0.4085281,0.3724441,0.3329699,0.3359078,0.300355,0.2750052,0.2747942,0.2747717,0.2599833,0.2887869,0.2473297,0.3052616,0.2707051,0.2740566,0.2629395,0.2888657,0.2930669,0.1951758,0.290651,0.261175,0.2674115,0.2914712,0.2488086,0.2588854,0.2720496,0.2814047,0.2838992,0.2748315,0.298684,0.2647665,nan
2,6832,981253,66,68167,1.1219348,0.7259085,0.6408679,0.5851079,0.6167228,0.6503763,0.566664,0.5092701,0.534068,0.5225691,0.5675782,0.51596,0.5379675,0.5218861,0.5382862,0.4680434,0.5521797,0.5639499,0.5499693,0.4968389,0.4997444,0.4956192,0.5575323,0.5051222,0.548055,0.5372968,0.5102169,0.4972041,0.5354848,0.5028352,nan
2,6851,1697092,16,380530,0.956171,1.7543721,0.8974026,0.8801197,0.7910266,0.7600788,0.7372406,0.7618636,0.7165206,0.7115497,0.7062957,0.7148802,0.7132363,0.7034638,0.6753121,0.6641671,0.6675452,0.6921698,0.6546835,0.6314225,0.6829495,0.7912951,0.702309,0.7463287,0.6632734,0.6443815,0.6616012,0.6661424,0.6631344,0.7814959,nan
2,6880,1173702,14,353041,1.3189261,1.8441588,1.1513323,1.1092238,0.9557011,0.9195165,0.8891649,0.9223309,0.8678222,0.8626463,0.7530919,0.888228,0.8074813,0.8217013,0.8393576,0.867345,0.8327427,0.7834613,0.848406,0.7919614,0.834119,0.83237,0.8314991,0.8921185,0.8542707,0.8027935,0.7689687,0.8215026,0.8008499,0.8272028,nan
2,6880,476269,14,137083,0.6559934,0.7867266,0.559945,0.5057607,0.4739025,0.4811579,0.418854,0.4468656,0.4480415,0.4353756,0.4460773,0.4261379,0.4463602,0.4376797,0.4281917,0.4442432,0.4330752,0.4225363,0.4202387,0.4377514,0.4213678,0.4475607,0.439875,0.4248862,0.4160367,0.4254503,0.4132724,0.411798,0.4204712,0.4290965,nan
2,6894,605533,13,174022,0.7590422,0.9014671,0.6388861,0.6111846,0.6231637,0.5719218,0.5671685,0.5369404,0.5778383,0.5471498,0.5401244,0.5558868,0.5353855,0.5360969,0.5505536,0.5352366,0.5292138,0.4832324,0.5245276,0.5132533,0.5256127,0.5447872,0.5131473,0.4834257,0.5072505,0.5560167,0.5331,0.5322182,0.4918637,0.5093389,nan
2,6907,278587,80,16285,0.7481161,0.4390387,0.3778508,0.3692332,0.3497309,0.3387293,0.3358267,0.279468,0.3414119,0.3280467,0.3152816,0.3428643,0.343456,0.3230429,0.3086544,0.3239161,0.3124809,0.3416612,0.3310023,0.3647918,0.3519412,0.3268002,0.3379738,0.2828538,0.3219646,0.3491733,0.2941624,0.3246883,0.3392256,0.3306624,nan
2,6923,1545216,96,74617,3.7986288,2.5417727,2.2043216,1.9631479,2.1298809,1.9071346,1.8588798,1.8904198,1.9474227,1.7194166,1.8920083,1.7551266,1.9329294,1.8868184,1.7465019,1.8104239,1.4871795,1.7840522,1.7580396,1.9085584,1.6276656,1.6755172,1.9031102,1.8388201,1.7995685,1.7268181,1.8858314,1.6883307,1.8040249,1.7992674,nan
2,6926,1895609,83,102985,2.1512024,1.7047701,1.3513546,1.4261227,1.1585461,1.1340522,1.164925,1.4133871,1.0968729,1.0490638,1.1455969,1.1100043,1.3475352,1.1346011,1.0070936,1.1153342,1.0824003,1.1487132,1.4617314,1.0765381,1.007723,1.2093937,1.061121,1.1732985,1.0425618,1.021979,1.0530523,1.3664468,1.3984063,1.1951809,nan
2,6930,1572574,16,353314,1.6742846,2.334206,1.6735097,1.4752656,1.3026921,1.3825296,1.1866525,1.2464448,1.2000813,1.2188777,1.1301885,1.1919078,1.0740478,1.2297508,1.1065648,1.1115675,1.1145345,1.1136376,1.1274341,1.081908,1.1473175,1.1021956,1.1040236,1.1901782,1.0508973,1.0832648,1.0962724,1.06651,1.1239067,1.0246791,nan
2,6938,628301,57,49645,1.373334,0.849185,0.7669996,0.760822,0.7472056,0.7250511,0.7086525,0.6842724,0.685983,0.7179094,0.6679913,0.6240463,0.6710106,0.6824348,0.6558981,0.6569952,0.6873899,0.6687324,0.6679007,0.6528565,0.6452324,0.6786953,0.6848098,0.6544673,0.6415906,0.5897648,0.6855354,0.6660119,0.6046321,0.6570198,nan
2,694,1868422,59,135949,1.0797393,1.0585642,0.584666,0.8498017,0.7847796,0.7698803,0.7600503,0.7966967,0.7421052,0.7193363,0.7003166,0.7504487,0.7629749,0.7893827,0.6652796,0.7199018,0.6441211,0.6800788,0.7341847,0.7010931,0.7330347,0.6232302,0.6828376,0.6752803,0.6576278,0.6848343,0.6809711,0.6933618,0.6746232,0.6681319,nan
2,694,1911792,20,349729,0.6216421,0.6785448,0.5152204,0.5384396,0.4417636,0.4648184,0.4529667,0.4290896,0.3857675,0.400607,0.3948989,0.3960156,0.3839863,0.3984383,0.3747093,0.3853284,0.3766389,0.3891782,0.3547549,0.385704,0.3477462,0.3462271,0.3685179,0.3549903,0.3572398,0.3442197,0.3546425,0.3636362,0.3393275,0.3409864,nan
2,6945,1408345,63,101053,1.4522952,1.1390765,0.934868,0.8653834,0.7716444,0.8798316,0.8205572,1.0590699,0.8563263,0.7592679,0.7305571,0.6873364,0.7243219,0.7271992,0.7490587,0.6859429,0.7277615,0.8221541,1.0144044,0.8811629,0.7364522,0.670518,0.6960919,0.7299197,0.6937811,0.7280187,0.8413626,0.7077723,0.6846293,0.7031138,nan
2,6952,1020622,70,64594,1.1468121,0.7570695,0.6698773,0.7012179,0.6321161,0.6099833,0.5874678,0.6207082,0.6904366,0.5471904,0.5586506,0.6078119,0.5624431,0.5610101,0.6342927,0.5956787,0.5774024,0.5458346,0.5945158,0.5316882,0.5701337,0.5562984,0.5903105,0.6266486,0.5395269,0.5700502,0.5423549,0.5606178,0.6014299,0.5571044,nan
2,6954,503293,44,51979,0.9395514,0.5930622,0.4898032,0.5183465,0.5559959,0.518281,0.5194048,0.5124939,0.4664968,0.5076181,0.4690759,0.4955035,0.4643737,0.4666026,0.4407212,0.4261084,0.469699,0.4393268,0.4468891,0.4720219,0.4347487,0.4554605,0.4589958,0.4478411,0.4326105,0.4536889,0.4616556,0.4222961,0.4784678,0.4918083,nan
2,6957,215032,33,29293,0.2988256,0.1928382,0.1960112,0.1743712,0.191572,0.1789439,0.1852728,0.1632895,0.1226735,0.1181228,0.1213875,0.1200156,0.1156281,0.1203003,0.1042779,0.110037,0.107888,0.113209,0.1186923,0.1051786,0.1153842,0.105022,0.1137758,0.108313,0.1167345,0.1122763,0.1041803,0.1158171,0.1111019,0.1024122,nan
2,6970,1705488,49,149350,2.8524463,2.8941063,1.9288178,1.84796,1.8755406,1.6128775,1.7725765,1.6966771,1.6715756,1.667944,1.570305,1.5902536,1.5843577,1.6875738,1.6629492,1.6215525,1.5504591,1.6536889,1.5733555,1.7392482,1.5471617,1.5260654,1.5665178,1.9239923,1.7338462,1.5479831,1.6341754,1.537695,1.5017383,1.617952,nan
2,6970,344983,91,17626,1.0683276,0.6238905,0.5221173,0.5572313,0.5571127,0.5151188,0.5166703,0.5263082,0.5093928,0.4619568,0.5504312,0.5012296,0.4945147,0.4353974,0.4867082,0.4698331,0.4562056,0.4903618,0.4561634,0.4798112,0.4854004,0.4824286,0.4735949,0.4886491,0.4902867,0.4176764,0.4764972,0.5045101,0.4338324,0.4912579,nan
2,6971,689969,66,48904,1.4502098,1.0353206,0.8697637,0.7679884,0.8060204,0.7781909,0.7101203,0.7241004,0.771578,0.7150046,0.7640123,0.7320677,0.6911038,0.731764,0.7203271,0.674129,0.7307982,0.6737411,0.716079,0.6992814,0.7274778,0.7131405,0.6010779,0.6932001,0.7092829,0.7211768,0.6496486,0.6588689,0.6939879,0.7081282,nan
2,6999,1026093,14,272803,0.6524776,0.905667,0.5265624,0.5702744,0.4854436,0.4499805,0.4290671,0.4136832,0.4098552,0.423753,0.415113,0.539098,0.5631867,0.3844546,0.3961417,0.3900295,0.4805719,0.3753589,0.3892367,0.3864983,0.3808984,0.391296,0.3801533,0.3731444,0.3723694,0.3793062,0.3795542,0.3749637,0.3768801,0.3776336,nan
2,7011,126576,25,22723,0.2657494,0.1583727,0.1483051,0.146992,0.154025,0.1447751,0.1494427,0.1422258,0.1392435,0.1356913,0.1336524,0.1476313,0.1340523,0.1294451,0.1286122,0.1293436,0.1252541,0.1325653,0.127638,0.1269637,0.1280348,0.1236839,0.129143,0.1270798,0.1264208,0.127035,0.1300071,0.1285346,0.1442125,0.1274478,nan
2,7018,815696,73,51706,1.8025727,1.2802134,1.0919887,0.9771379,0.98118,0.9881139,0.8930562,0.9138851,0.9231321,0.8916626,0.9127457,0.9372657,0.8730398,0.9205193,0.8844979,0.9027703,0.9277512,0.9796988,0.8777013,0.9324058,0.8246985,0.9333897,0.8291927,0.8797024,0.7990002,0.8866038,0.805283,0.8991495,0.8897878,0.9295588,nan
2,702,692844,14,182794,0.2958515,0.2762148,0.2296136,0.2302762,0.2272067,0.2135719,0.1971712,0.1822489,0.1857202,0.1789549,0.177094,0.177295,0.1660718,0.1706398,0.1711753,0.1714191,0.1700333,0.1703317,0.1834678,0.1726622,0.1733322,0.1718943,0.163066,0.1261679,0.170318,0.1569753,0.161458,0.2005368,0.162876,0.1621929,nan
2,7031,241480,13,73846,0.3744961,0.3458843,0.2825525,0.260355,0.254846,0.2357954,0.2227037,0.2346577,0.2342587,0.2396878,0.2431792,0.2308982,0.2365537,0.2123172,0.2054368,0.1818488,0.2236749,0.2271365,0.2268765,0.2476451,0.2235213,0.2212547,0.2454236,0.2261109,0.2236182,0.2222596,0.2275653,0.2251327,0.2165831,0.2267727,nan
2,7037,440388,99,20320,0.6819051,0.3297924,0.3544519,0.3424085,0.3239339,0.3403486,0.3191311,0.3084166,0.345408,0.3209047,0.3549981,0.3111373,0.2992766,0.2888124,0.2968303,0.309117,0.2870675,0.3077299,0.3073453,0.3087496,0.3288997,0.3029635,0.297791,0.2925462,0.2947841,0.2912443,0.3054918,0.2822679,0.2982598,0.3218917,nan
2,7071,1581367,38,170938,1.2595967,1.3594729,0.9164493,0.7912495,0.7805536,0.736444,0.7679801,0.7721258,0.6968487,0.7685759,0.71003,0.7280376,1.0129978,0.7218906,0.6988072,0.6943286,0.7148098,0.7089571,0.7133257,0.978416,0.9638393,0.9945707,0.6885242,0.8075806,0.6871191,0.7296255,0.6863042,0.7202157,0.8625712,0.9204208,nan
2,7080,1860350,45,176362,2.8834769,3.1703283,2.1537289,1.9791671,1.8055683,1.805117,1.6799655,1.7412223,1.691485,1.7583466,1.8106891,1.7407393,1.5658874,1.6652051,2.0119508,1.7129228,1.6593042,1.7223238,1.5865404,1.5490448,1.9598299,2.0919484,1.5997504,1.674514,1.560877,1.5661403,1.6999252,1.5610728,1.9908423,2.0070719,nan
2,7081,883978,54,74692,1.7495404,1.3422257,1.0381623,0.9527271,0.9315228,0.9137215,0.9256416,0.8823765,0.9457971,0.8447747,0.8939289,0.838866,0.8537627,0.8424413,0.8750177,0.8146558,0.8579266,0.9026772,0.9165162,0.9015441,0.8028221,0.8297265,0.8545442,0.8688357,0.8631153,0.8354986,0.8408034,0.9131685,0.8892848,0.8328495,nan
2,7082,361365,67,25072,0.9204608,0.5086376,0.4875637,0.4928602,0.4884246,0.4586986,0.4480997,0.4442765,0.4527372,0.4021482,0.4010501,0.4188056,0.3728935,0.4040504,0.4119307,0.4358907,0.4167565,0.4299488,0.4477959,0.3814661,0.400836,0.4029499,0.3962367,0.4102601,0.4009465,0.4000441,0.3997259,0.3899537,0.3764862,0.42093,nan
2,7085,816526,93,40246,2.1128694,1.4317125,1.1608366,1.1362747,1.1205726,1.1320444,0.9889152,1.0044653,0.8860028,1.0235884,1.0575774,1.0518485,1.0659543,1.0236267,1.0657408,0.9146599,0.9464595,1.027108,1.0034238,1.0666463,0.9568719,0.9168628,1.0449986,1.0128247,1.0084684,0.9855242,0.9678664,1.0243355,0.9634703,1.0050698,nan
2,7094,1355742,50,119206,2.3778255,1.9191949,1.5676176,1.2214614,1.468096,1.328321,1.3940766,1.2174641,1.2753273,1.3670219,1.2739414,1.3827024,1.2065017,1.2555411,1.3901879,1.2844088,1.2409168,1.3413939,1.3048736,1.2934254,1.156326,1.2907078,1.3286807,1.2708282,1.29465,1.337539,1.2536349,1.2682044,1.2531938,1.212623,nan
2,7102,835317,60,61750,1.7589483,1.2112106,1.0909698,0.9689579,0.9864303,0.9254374,1.0464601,0.950616,0.8853375,0.9432034,0.9371841,0.9702787,0.9959047,0.8856587,0.9279106,0.8644079,0.9126359,0.8738135,0.9072454,0.9066629,0.8481945,0.8768664,0.8665216,0.912329,0.8412216,0.9101696,1.0037228,0.8470109,0.9207007,0.9684508,nan
2,7117,703832,34,91831,1.1895155,1.0451413,0.7004426,0.7093115,0.6871519,0.6588942,0.6384941,0.6871297,0.6501034,0.4503055,0.6657524,0.6592904,0.5616439,0.6341504,0.627069,0.5768693,0.6723131,0.6367042,0.6305399,0.5975823,0.636071,0.5946921,0.5981309,0.62281,0.6118693,0.613304,0.5918796,0.6103569,0.6121933,0.593881,nan
2,7133,220872,29,33979,0.4198864,0.2963624,0.2501909,0.2394155,0.2347929,0.2313431,0.2304692,0.2267696,0.2233671,0.2485156,0.2112179,0.2182469,0.2209318,0.2438002,0.166048,0.2170808,0.2214531,0.230283,0.2225883,0.2166836,0.21901,0.2205103,0.2248509,0.2178681,0.221382,0.2229138,0.2375415,0.2159574,0.2179917,0.2229504,nan
2,7137,1311859,18,281041,0.8461762,1.1252512,0.8010388,0.6307375,0.635177,0.6317195,0.5885645,0.5628172,0.5598801,0.566888,0.5358694,0.5742815,0.5508737,0.5296773,0.5409597,0.5488996,0.5661723,0.5973758,0.545055,0.6906795,0.5297196,0.5371067,0.5131265,0.5302353,0.5470487,0.5223615,0.5303649,0.516214,0.5269257,0.5151587,nan
2,7137,519017,37,58903,0.9605291,0.6538746,0.6376924,0.5625063,0.5319105,0.613133,0.5607647,0.5021569,0.5398032,0.5573639,0.5758278,0.5418345,0.515369,0.5132277,0.5312926,0.5667735,0.529874,0.5048451,0.5196348,0.4764676,0.5838212,0.5224281,0.5201599,0.5584974,0.5106358,0.4660845,0.457787,0.5197463,0.4767454,0.5071747,nan
2,7141,1455358,65,100453,3.4002267,2.4481784,2.035936,1.8652327,1.8368054,1.6132021,1.6760311,1.6826335,1.6447745,1.6696785,1.6726019,1.576411,1.6482648,1.4758241,1.5845679,1.660444,1.4899714,1.5541776,1.5296209,1.5279703,1.4905979,1.5226479,1.6770688,1.9053637,1.7886575,1.677769,1.5298381,1.5806629,1.4820304,1.5078593,nan
2,7141,179959,92,9082,0.5981726,0.3567189,0.3329395,0.3283638,0.3267553,0.3413274,0.318926,0.3503757,0.2985642,0.313818,0.3113807,0.3031913,0.3087088,0.290401,0.2864287,0.2847135,0.3163887,0.2856407,0.3226795,0.2945854,0.3177116,0.2850677,0.320051,0.2924243,0.2950211,0.3145095,0.2916512,0.3001604,0.2708767,0.2966943,nan
2,7142,1889153,19,350194,2.041383,2.6478906,1.9957988,1.567007,1.6520855,1.6214884,1.5854261,1.4054413,1.452301,1.4756507,1.4555109,1.422984,1.6585754,1.4012573,1.3149499,1.4007059,1.297178,1.6281205,1.3080273,1.3594714,1.3571849,1.2855645,1.355547,1.6384857,1.7392613,1.2819494,1.4678378,1.3881729,1.4535346,1.3473677,nan
2,7143,82829,79,4879,0.3038839,0.1569866,0.1549714,0.1480164,0.1301673,0.1305158,0.1480798,0.1308187,0.1319886,0.1224117,0.1291328,0.1291662,0.1327453,0.1248372,0.1264801,0.1311408,0.1213141,0.1303625,0.1333623,0.1311389,0.130851,0.1256645,0.1276797,0.1321128,0.1314108,0.1298387,0.1263377,0.1308539,0.1259414,0.128514,nan
2,7150,10,76,1,0.1804714,0.0011756,0.0012805,0.0011488,0.0007357,0.0007732,0.0007494,0.0007385,0.0013277,0.001154,0.0012074,0.0018814,0.0011382,0.0012423,0.0011524,0.0012733,0.0011939,0.0010822,0.0011938,0.0011576,0.0011344,0.0011154,0.0011621,0.0012388,0.0014209,0.0012149,0.0011998,0.0012555,0.0011146,0.001136,nan
2,7175,475465,52,42016,1.0026384,0.6270468,0.563862,0.4842435,0.5260832,0.509095,0.5081859,0.5061716,0.4888373,0.3066263,0.4811784,0.4852412,0.4917292,0.4766437,0.4957407,0.4191092,0.4926288,0.482542,0.465452,0.4871013,0.4609372,0.452726,0.5205658,0.4821668,0.4860943,0.4531603,0.4775234,0.460195,0.4004998,0.4740563,nan
2,7181,796703,88,42283,2.222538,1.231282,1.165108,1.1294348,1.0106994,1.0387362,0.9640664,1.0145728,1.0012777,1.0790851,1.0019445,1.0669386,0.9835156,0.9673431,1.0223347,0.9933276,1.0353075,1.0636605,0.9510001,0.9982934,0.9751173,1.0054863,1.0375248,1.0667308,0.9807619,0.950296,1.0033638,0.9695261,0.96194,1.0646279,nan
2,7183,825295,13,248677,0.5198966,0.7725916,0.5018655,0.4275408,0.419538,0.4052889,0.3916337,0.3983113,0.3856164,0.4227861,0.3569718,0.360768,0.3424995,0.3358571,0.3436423,0.3448539,0.4335515,0.370651,0.3490703,0.3436835,0.3494838,0.3433869,0.3343092,0.3386171,0.4036224,0.3287192,0.3448196,0.3393134,0.3227459,0.3264803,nan
2,7190,1588932,99,73798,1.9984725,1.4499093,1.3523883,1.1924886,1.1755494,1.1930308,1.090313,1.1262529,1.0643176,1.0766309,1.0831907,0.9764881,1.0023244,1.0281966,1.1004875,1.0183943,1.0130445,0.9850886,1.0256195,1.0020568,1.1468116,1.0927935,1.0752853,1.0497421,1.896453,1.9629461,2.043959,2.1375725,2.0925867,2.1419874,nan
2,7198,1944522,99,89269,4.9245837,3.3801844,2.9203733,2.7115936,2.6736644,2.6759886,2.7027177,2.4941821,2.5589701,2.5114693,2.4828562,2.4813849,2.3914461,2.3896981,2.4663491,2.5145879,2.7581529,2.4095161,2.3986991,2.3039745,2.6392477,2.7859337,2.3514822,2.3132369,2.5982891,2.2643639,2.2923362,2.3131912,2.4109438,2.7215448,nan
2,7202,924168,12,256369,1.0381618,1.469003,1.022224,0.8707239,0.8920681,0.9731021,0.8333525,0.8442535,0.7876351,0.865718,0.8266805,0.7855974,0.8318173,0.7212754,0.7969704,0.7909511,0.765,0.7570019,0.7896188,0.6928891,0.7652415,0.7642818,0.7220257,0.7613924,0.7586642,0.7113977,0.718636,0.7273218,0.7455983,0.7243721,nan
2,7208,1856504,42,186883,2.6699458,2.6231042,2.0423732,1.8544202,1.7614223,1.7317807,1.8142778,1.6425504,1.6323526,1.6158328,1.666181,1.5804122,1.5609577,1.6111847,1.583044,1.6466695,1.3022641,1.6436722,1.5959893,1.7179846,1.4762314,1.4925845,1.483664,1.5617524,1.7923103,1.6810828,1.5562923,1.3509352,1.442582,1.5848616,nan
2,7212,1533517,89,78793,3.7884705,2.826022,2.2735024,2.1525941,2.0742144,2.057524,2.0101455,1.9496021,1.9240668,1.8530281,1.8541006,1.8238217,1.8959409,1.9676908,1.9475205,1.9202687,1.9854469,1.8313508,1.9315105,1.825687,1.8528996,1.8868897,1.8929895,1.8952552,1.8293073,1.822651,1.7808442,1.9311537,1.7504135,1.8995408,nan
2,7225,1122298,44,114277,0.9543811,0.8661444,0.661447,0.6516435,0.5989033,0.6064066,0.593679,0.5444962,0.5666107,0.6321672,0.5759589,0.5518653,0.6418778,0.634838,0.7387637,0.5447092,0.508248,0.5556381,0.5510849,0.6327184,0.5442713,0.5300161,0.5439167,0.5099566,0.5511016,0.526462,0.509359,0.5425901,0.5323391,0.5124576,nan
2,7232,571328,30,82042,0.9554611,0.7503045,0.7135718,0.658948,0.6192241,0.6036005,0.6257047,0.5899484,0.6074305,0.6062817,0.6016,0.5723339,0.578104,0.5830256,0.5828878,0.598704,0.5687953,0.5951768,0.552143,0.575629,0.5853656,0.5589313,0.5869468,0.5929526,0.5738067,0.5012853,0.631784,0.5921942,0.5661386,0.5882852,nan
2,7235,1887607,91,94090,2.5440758,1.6442976,1.412298,1.3552346,1.2800583,1.2043671,1.162901,1.256903,1.347094,1.5278548,1.1739257,1.124806,1.1310195,1.2943377,1.3451255,1.0733621,1.2795726,1.1302262,1.449388,1.1516255,1.0560161,1.0532083,1.0892497,1.1770541,1.0778897,1.0602199,1.1186581,1.3947381,1.3596739,1.0556555,nan
2,7239,1377618,45,133597,2.2921764,2.0159843,1.6641135,1.4671476,1.351032,1.3481192,1.3628727,1.2773676,1.3717566,1.2932551,1.3199794,1.28289,1.293391,1.304019,1.2955217,1.3014143,1.3846696,1.3719066,1.322559,1.3475063,1.3554492,1.1684698,1.2422677,1.2967354,1.2703367,1.176741,1.2157784,1.3309949,1.2638704,1.2429644,nan
2,7242,732295,63,52654,0.8204966,0.4952598,0.4518392,0.4342986,0.4271357,0.3973611,0.3960666,0.4067629,0.3977226,0.3838152,0.3746053,0.3915293,0.3910826,0.3755004,0.3640097,0.3625019,0.4035182,0.343567,0.3688185,0.3640002,0.3617464,0.3660609,0.3612793,0.3811555,0.3427461,0.3561013,0.3617015,0.3748757,0.3589807,0.359413,nan
2,7256,652760,41,72694,1.2014435,0.8761695,0.7394664,0.7014587,0.7007258,0.6290581,0.6313395,0.582514,0.6487044,0.5782227,0.6082764,0.61399,0.6148365,0.5878175,0.6090469,0.5849042,0.603698,0.609693,0.6120421,0.5828181,0.6281941,0.6221333,0.601826,0.5617765,0.6041125,0.6114204,0.598101,0.5817736,0.5778887,0.5915674,nan
2,7264,114008,69,7753,0.3400582,0.1983186,0.1786214,0.1764379,0.1743526,0.1674323,0.1669685,0.1647659,0.1831053,0.1662754,0.2321216,0.1463635,0.1487958,0.1507836,0.1456824,0.1464554,0.1512252,0.1459594,0.146332,0.1534295,0.145869,0.147,0.1485449,0.1543922,0.155803,0.1458715,0.1539006,0.1440047,0.1576374,0.1495617,nan
2,7265,1822752,58,134002,3.4148569,2.7169039,2.0454984,2.1888945,2.1811955,1.9923977,2.0693626,1.9563617,1.8914428,1.9409108,1.9503783,1.8977304,1.9949828,1.8480424,1.8700219,1.9456666,1.9137748,2.0393848,1.9818967,1.8295282,1.9177638,2.2528948,2.0519465,1.8278324,1.6984565,1.9267356,1.8658807,1.9770363,1.9041007,2.1879314,nan
2,7269,864098,86,45421,2.1556574,1.3451391,1.293267,1.1898277,1.2272119,1.2217458,1.2194449,1.1840691,1.1400133,1.2152182,1.1367169,1.1312707,1.1330543,1.0911107,1.1332821,1.1586286,1.0480208,1.0843723,1.0557271,1.0499863,1.1299394,1.1806932,1.0985376,1.0961197,1.0989662,1.0978858,1.045163,1.1040308,1.1814424,1.0776068,nan
2,7280,1096544,50,99355,0.9705307,0.7997329,0.6184365,0.6140987,0.6328084,0.5745768,0.5335509,0.564599,0.605056,0.5773371,0.5789302,0.5691206,0.538083,0.5310601,0.6444153,0.7531476,0.7319375,0.5289178,0.5457092,0.5160734,0.5506172,0.5329301,0.5703556,0.7497204,0.5294196,0.644935,0.5501054,0.6018201,0.5386153,0.5474569,nan
2,7285,1105268,21,229819,1.3200693,1.5316558,0.9033523,0.9973555,0.9104834,0.9658699,1.0201034,0.8498194,0.8769227,0.8368202,0.9100418,0.8605525,0.8014252,0.8710105,0.8238007,0.8577733,0.8367037,0.7934248,0.8565725,0.9198186,0.8380836,0.831624,0.8274806,0.8735925,0.8733154,0.783175,0.7966448,0.7899132,0.7994802,0.8368525,nan
2,7312,644263,92,32761,1.8121004,1.0893307,1.0294205,0.9786685,0.9588112,0.9182751,0.9096304,0.9069638,0.8606727,0.8652876,0.8220471,0.7717492,0.8029403,0.8110068,0.7532942,0.8223975,0.7446626,0.8024399,0.7780307,0.7553064,0.7749571,0.7557237,0.7274359,0.7859522,0.7441112,0.7874304,0.7617053,0.735161,0.7453649,0.7809895,nan
2,7330,883259,100,40396,2.499522,1.4453614,1.4594235,1.260049,1.2305037,1.2297439,1.2248307,1.1863763,1.1702008,1.1789197,1.1226729,1.2326172,1.1415446,1.2081213,1.1607814,1.1593012,1.1004901,1.1794815,1.214622,1.1589797,1.1706634,1.1469494,1.2461641,1.1204564,1.1659463,1.1373216,1.1333109,1.2093956,1.2523097,1.1311948,nan
2,7338,985705,23,162496,0.6899589,0.7469118,0.5083838,0.5654541,0.4939863,0.5411767,0.4528084,0.4412816,0.4328916,0.435403,0.4509485,0.4544831,0.4628802,0.4359476,0.4087839,0.4018183,0.4157822,0.4192686,0.4774096,0.4433704,0.4207815,0.3983552,0.4232029,0.4139309,0.4050885,0.4113277,0.4014458,0.4031206,0.4816337,0.4205295,nan
2,7350,1859079,30,245959,1.2660279,1.9809139,1.0102547,0.9456618,1.016253,0.8760969,0.8499808,0.8381796,1.0589263,1.1021929,0.8152114,0.8984114,0.8194254,1.0464111,0.9542237,0.7587805,0.7549725,0.7492087,0.7921157,0.7559396,0.8327365,0.7890495,0.7645734,1.0139611,0.9509846,0.7300458,0.7333539,0.8514501,0.776502,0.7610389,nan
2,7351,1297017,76,79513,1.5445831,1.1025789,0.8152363,0.9017104,0.8770294,0.7575643,0.7156882,0.7258456,0.7021369,0.7243076,0.9558634,0.6848272,0.6857797,0.700864,0.6950755,0.7938728,0.9887945,0.9563103,0.8941569,0.6931041,0.6986525,0.7074059,0.7041493,0.6899169,0.6650948,0.7141877,0.8819689,0.685988,0.7149754,0.6979768,nan
2,7359,671103,87,35482,0.9971343,0.5860545,0.5460875,0.5323021,0.4955618,0.5207308,0.5300808,0.4753149,0.4893987,0.471621,0.4694861,0.4546465,0.4524907,0.4485642,0.4259312,0.4599749,0.4733665,0.4457526,0.4577928,0.4457248,0.4454754,0.431308,0.435262,0.4300434,0.4528679,0.4801852,0.4447284,0.4445388,0.4495648,0.4348079,nan
2,7375,1745233,78,100999,2.0752389,1.4889185,1.2199217,1.0967528,1.1805915,1.1451173,1.1184732,0.984705,1.0237062,1.0705665,1.0231669,1.0246415,1.0902,1.0111965,0.9788743,1.0859924,1.0050077,1.1027308,0.9971474,1.0497022,0.9972179,1.0511058,0.9403164,0.9150367,0.9557452,1.1159125,1.0668708,0.9766261,0.9431048,0.9444813,nan
2,7376,1626209,75,97156,1.7507864,1.3082848,1.1256028,1.0409515,1.0132893,0.943487,0.9653788,0.9788756,0.9736112,0.931124,0.9151063,0.8736423,0.9214302,0.9320245,0.8809273,0.9421229,0.8996223,0.9082489,0.9132785,0.8783156,0.9185932,0.8437876,0.9623156,0.8652506,0.8613852,0.8382434,0.8875453,0.9147924,1.0213889,0.8458036,nan
2,7381,1387256,18,291034,1.6037761,2.5849888,1.3808764,1.3584163,1.4026166,1.2404328,1.1615978,1.217632,1.1492152,1.1461146,1.0886813,1.1264687,1.0930046,1.0600621,1.1515219,1.1263322,1.1578352,1.0733789,1.1475758,1.2242531,1.0320832,1.1433786,1.0559347,1.1021393,1.344494,1.3980281,1.0824741,1.0106355,1.0674955,1.0395987,nan
2,7416,1104112,16,271573,0.7050368,1.1412837,0.6682982,0.6199473,0.5250501,0.5298226,0.4856947,0.5074859,0.5113619,0.478596,0.5438296,0.5047332,0.4772326,0.4482863,0.4638708,0.4959843,0.4629831,0.4879934,0.4437793,0.443831,0.4530734,0.5091863,0.4911503,0.4589751,0.4409629,0.4438428,0.4609875,0.483647,0.5606545,0.4606729,nan
2,742,943029,46,87592,0.309265,0.2868134,0.2681808,0.264281,0.2318041,0.2426403,0.255808,0.2297641,0.2313737,0.2096241,0.2123098,0.216457,0.2166785,0.2124405,0.21288,0.2157668,0.2044659,0.221463,0.2118033,0.2098473,0.2039764,0.2040348,0.2087788,0.2493895,0.2088157,0.219446,0.2103972,0.2093143,0.2083357,0.2010483,nan
2,7421,1282179,20,253993,1.5655491,1.9938032,1.2927979,1.2894761,1.1890893,1.149424,1.1751783,1.0784094,1.0986988,1.1035475,1.0750067,1.1949271,1.0549092,1.0146466,1.1031494,1.0464471,1.1147697,0.9870403,1.13207,0.9962561,1.0660011,0.9814861,1.0322062,1.0132272,1.1010767,1.0794358,0.9497635,1.0493615,1.0446184,1.1545597,nan
2,7422,919036,55,73189,1.8492615,1.3638468,1.2346316,1.1720502,1.0456589,1.0698001,1.0545814,1.041185,0.9618039,0.9841644,0.9739139,1.0084593,0.965869,0.9731436,0.9515818,1.0109595,0.7844305,0.9391658,0.9655275,0.9496793,0.9070153,0.9554032,0.9818008,1.0032729,0.8363562,0.95701,0.9767332,1.0201271,0.9138089,0.9561998,nan
2,7451,680563,68,45838,1.6259475,0.9987996,0.9757675,0.8944762,0.8656732,0.8424259,0.8246627,0.8245794,0.8481873,0.7805381,0.8067183,0.823624,0.8274481,0.779718,0.7930486,0.7547018,0.799671,0.752864,0.821111,0.7743306,0.6708852,0.7708764,0.7612644,0.8142741,0.7387987,0.7638557,0.7910737,0.784008,0.7545853,0.77898,nan
2,7456,794183,73,49204,1.8555939,1.1620003,1.1246038,1.2069849,1.0660372,1.0211792,0.967644,1.0374584,0.9726704,0.9913198,0.9387974,0.9206664,0.9490864,1.0260304,0.9712724,0.9074597,0.9638944,0.987571,0.9124891,0.8284578,0.9647018,0.8494722,0.9444894,1.0292517,0.915829,0.9381691,0.8021253,0.9413661,0.9474086,0.9140222,nan
2,7463,1154391,90,59257,1.4280258,1.0128947,0.8252193,0.7982537,0.795055,0.742945,0.7296662,0.724021,0.7160701,0.6878442,0.6811344,0.691431,0.7511469,0.7165723,0.6728302,0.7015643,0.707016,0.9547459,0.6769023,0.6901291,0.7846892,0.7052675,0.7052661,0.6426288,0.6951936,0.6486552,0.6721754,0.6509513,0.720211,0.6943683,nan
2,7482,1468846,55,119908,2.8391287,2.3099731,1.8781141,1.8153405,1.6044293,1.5750048,1.618043,1.4813467,1.5244496,1.476911,1.5325601,1.5371994,1.5578485,1.5559283,1.4003225,1.5108613,1.3969561,1.4623089,1.3796565,1.4993907,1.5022404,1.4488231,1.4173683,1.5261024,1.4820608,1.5270265,1.4482421,1.4098912,1.7542535,1.4269405,nan
2,7488,1059901,23,191416,0.8114515,0.9099332,0.659979,0.5782921,0.5477019,0.5595825,0.5069289,0.5028024,0.5224803,0.4739978,0.4807788,0.5040991,0.4665173,0.4775264,0.4798575,0.4832744,0.5138388,0.5173052,0.4594685,0.55453,0.4648124,0.4811537,0.4671776,0.5677919,0.4544284,0.4511691,0.4776743,0.5870278,0.4716997,0.4506877,nan
2,7497,823927,50,71989,1.56258,1.0560555,1.0246739,1.0044416,0.9414027,0.9397432,0.9554434,0.9378704,0.8862955,0.877743,0.8651003,0.8354836,0.9404186,0.7721043,0.8589251,0.8472493,0.8992769,0.8725705,0.856883,0.9429793,0.9015986,0.8955248,0.86835,0.8569333,0.8730207,0.820159,0.8262897,0.8377039,0.9252546,0.8443111,nan
2,750,1085889,10,432910,0.3508512,0.3982878,0.3219294,0.2699302,0.2464758,0.2606888,0.2600054,0.2291244,0.2253261,0.2134055,0.2160168,0.2125062,0.2169159,0.2096704,0.2015027,0.2000744,0.1821749,0.2001471,0.2052477,0.1854289,0.1952354,0.1900535,0.1954603,0.1951465,0.1941471,0.1853823,0.1916249,0.2066969,0.1859528,0.1749187,nan
2,7527,12760,97,637,0.1585578,0.0516837,0.0516825,0.0491682,0.0510079,0.0511121,0.0523481,0.0557916,0.0554501,0.04961,0.0514591,0.0513566,0.0538512,0.0515732,0.0653608,0.0566479,0.051844,0.0514787,0.0519136,0.0535707,0.0539702,0.0505071,0.0509356,0.0504989,0.0548609,0.0537288,0.0491993,0.0517771,0.0511621,0.0517598,nan
2,7537,729659,42,76654,0.6653527,0.5376105,0.4538877,0.4100721,0.4146381,0.5934533,0.5732851,0.3905988,0.3857915,0.3754499,0.380265,0.3707431,0.3762487,0.354824,0.3758747,0.3708514,0.3535742,0.3760143,0.3625094,0.355207,0.3747409,0.3698086,0.3562135,0.3639332,0.3565263,0.3538014,0.3550144,0.3708561,0.3688119,0.3630886,nan
2,7542,1912856,53,155233,3.4960904,2.8494047,2.1942527,2.1426961,1.9937082,1.9470223,1.8408766,1.8991298,1.8717432,1.8653299,1.8712516,1.7871881,1.6514136,1.7677496,1.8984732,1.7104192,1.926615,1.8681824,1.7711078,1.8741507,1.7665351,1.687015,1.8213535,1.7376244,1.8339022,1.8109169,1.6954743,1.8838012,1.8429285,1.7193102,nan
2,7547,360254,52,31855,0.819708,0.4995637,0.4596301,0.4516017,0.4576062,0.4248424,0.4018074,0.4046032,0.401636,0.3873827,0.3870011,0.3938932,0.4108999,0.3954212,0.383726,0.3608175,0.354669,0.4263683,0.3986898,0.416877,0.3913557,0.3948149,0.3614477,0.3801763,0.3951093,0.3863411,0.388275,0.3731052,0.3797437,0.3364149,nan
2,755,751203,32,99244,0.4053297,0.4453286,0.3880398,0.3264903,0.3231841,0.3188991,0.298357,0.2961936,0.3028844,0.2977295,0.2959637,0.3010215,0.2853077,0.3129673,0.2947314,0.2943761,0.2845088,0.2777554,0.2627324,0.2918119,0.2853458,0.2919613,0.2704603,0.2785833,0.2893013,0.2742049,0.2737811,0.280713,0.263739,0.2705336,nan
2,757,1486733,70,96016,1.0857069,1.0209856,0.9276221,0.8210576,0.8358266,0.7626311,0.7996977,0.7286359,0.7488594,0.7653124,0.7464504,0.804855,0.7131812,0.7713422,0.5959903,0.7030146,0.6945752,0.6895957,0.7315728,0.7422033,0.7255191,0.7148843,0.7388815,0.7773272,0.9262818,0.7503248,0.658175,0.7609433,0.6789662,0.6697997,nan
2,7579,1685388,10,631597,1.5835209,3.3928352,2.0485787,1.5782665,1.4917881,1.2928237,1.2575605,1.2776139,1.2889022,1.1817485,1.3059666,1.1472682,1.192287,1.1795144,1.1129081,1.1729772,1.0887415,1.2006845,1.1752446,1.0858106,1.1071065,1.1236078,1.0756384,1.1707449,1.0794918,1.0639963,1.1120971,1.0733751,1.130639,1.1271091,nan
2,7601,1419203,31,204397,1.0514352,1.2229809,0.80264,0.6992374,0.7362414,0.7122496,0.6642386,0.6493425,0.7692046,0.6319771,0.6221964,0.6179119,0.6183031,0.6403928,0.6075914,0.5968936,0.5866801,0.5976788,0.6012769,0.6169401,0.635437,0.7184536,0.6340515,0.6108113,0.728987,0.6095136,0.6067162,0.7034517,0.5818414,0.5923565,nan
2,761,527398,67,36247,0.2379429,0.2584349,0.2265732,0.2123323,0.192765,0.1905398,0.1829454,0.180528,0.1964972,0.1754376,0.1729121,0.1864419,0.1963397,0.199997,0.2014828,0.180595,0.1948039,0.170998,0.1650784,0.2019925,0.2003246,0.1907827,0.1638702,0.2054438,0.1971665,0.1831021,0.1735371,0.1663696,0.1929159,0.1898828,nan
2,7615,905705,19,179314,1.2181236,1.3130547,0.9881769,0.8627369,0.9847412,0.8539802,0.8908257,0.823147,0.7782743,0.7996528,0.8644192,0.8190086,0.7905126,0.828409,0.8051744,0.8338221,0.7548027,0.8955061,0.8053481,0.8153198,0.7837787,0.8017107,0.6922966,0.8088724,0.8577713,0.7247854,0.8611923,0.815859,0.8179481,0.8812127,nan
2,7616,1815669,79,102517,3.8802392,3.0740593,2.4694417,2.4171143,2.3964366,2.3498678,2.1733212,2.137424,2.2906872,2.0985952,2.1327993,2.2136959,2.1404527,2.1386416,2.1295838,2.1170244,2.0417438,2.1712465,2.1575367,2.000429,2.1988289,2.1147319,2.0536458,2.1662488,2.1557866,2.2029557,2.1912439,2.2734305,2.0943877,2.140466,nan
2,762,978108,78,55780,0.8440413,0.7746093,0.808477,0.7024499,0.6468051,0.7498779,0.7027896,0.6875896,0.6592588,0.690114,0.6502987,0.6717839,0.6435317,0.6442395,0.6164798,0.6480138,0.707873,0.6778366,0.6116617,0.6337553,0.7130793,0.6791956,0.6294665,0.6187194,0.6556165,0.6159894,0.5890581,0.5798446,0.5437908,0.6295072,nan
2,7631,1048235,99,49288,2.7512194,1.8280438,1.5131427,1.4789796,1.3866827,1.241468,1.317458,1.203859,1.3062485,1.2475048,1.3351162,1.2838336,1.197568,1.2645171,1.1517782,1.2653546,1.2505505,1.3242952,1.2567492,1.2855715,1.2429763,1.2691967,1.1010213,1.295568,1.2694997,1.2517946,1.1866526,1.2465552,1.218814,1.2773456,nan
2,764,1961143,39,206593,0.8611052,0.8389102,0.6900945,0.7033738,0.6621129,0.6061099,0.6831797,0.6160351,0.6586456,0.5791755,0.53776,0.5570253,0.5631311,0.5799123,0.5336392,0.5462458,0.5603341,0.557371,0.5791998,0.553762,0.5547129,0.5345867,0.5205359,0.5445448,0.5053468,0.5350254,0.5043178,0.5144938,0.5255587,0.5087074,nan
2,7645,1451004,30,201079,1.1801342,1.0670961,0.8168785,0.7555971,0.7321699,0.6924909,0.6765184,0.6522453,0.7294773,0.6526219,0.8204381,0.6208871,0.6485349,0.6156033,0.6715428,0.6266028,0.8155618,0.875105,0.9523693,0.6133723,0.6201191,0.5912393,0.6210271,0.5973855,0.6060136,0.6095252,0.7852585,0.8546608,0.6060681,0.5754643,nan
2,7651,367282,70,23839,0.994369,0.6175721,0.6137683,0.5537057,0.5652532,0.5270412,0.5219973,0.5026664,0.5539493,0.4634949,0.5478733,0.4783024,0.511144,0.5041808,0.5248194,0.5005651,0.5167792,0.4623656,0.5477874,0.5495145,0.5136697,0.4558942,0.4958313,0.4634731,0.5220395,0.4988003,0.4908434,0.5015585,0.5213907,0.4914006,nan
2,766,891807,59,67096,0.3904522,0.3216018,0.292838,0.3672646,0.297789,0.2987654,0.326764,0.2871222,0.2771779,0.2648077,0.2682198,0.2741573,0.321736,0.2615335,0.2500043,0.2955418,0.2763161,0.277809,0.2962445,0.2804457,0.2667836,0.2540323,0.2592599,0.3060267,0.2518768,0.2558433,0.2523001,0.2595273,0.2534301,0.2568361,nan
2,7672,1805330,78,104197,4.1313686,3.3204601,2.5155264,2.3324141,2.3625287,2.2036379,2.1722939,2.18824,2.2315492,2.2886221,2.1493759,2.1637262,2.1819139,2.1659104,2.1481196,2.0298748,2.4804515,2.0969272,2.1961829,2.1846702,2.0380767,2.0485107,1.9986904,1.9562969,2.1038959,2.3093408,2.5902312,2.0119661,2.2130596,1.9478092,nan
2,7685,1037589,90,51511,2.7185159,1.58758,1.495367,1.349296,1.2097594,1.4138391,1.3627226,1.2590265,1.1663241,1.2167279,1.242571,1.2508677,1.2986592,1.2148286,1.2436226,1.1492303,1.2946332,1.1629898,1.2711159,1.1905035,1.2512086,1.204903,1.2594776,1.2262227,1.2449384,1.19207,1.2025308,1.2617714,1.1874794,1.3138969,nan
2,7688,1542426,92,76846,3.9956859,2.6830416,2.329814,2.2311431,2.0290743,2.1473775,2.0585632,2.0335303,1.9355372,1.9383104,1.9554806,1.9266813,1.9626642,1.9403442,1.794929,1.9180516,1.9155351,1.9140261,1.9083613,1.8650881,2.0160507,1.7873242,2.0759925,1.9112601,1.9876394,1.8713528,1.9567384,1.8351238,1.9221568,1.8950972,nan
2,7721,10000,26,1717,0.0679427,0.0260696,0.0296671,0.0297397,0.0275435,0.0270761,0.0272624,0.0297101,0.0301798,0.0314495,0.0278392,0.0268765,0.0283197,0.0291961,0.0312716,0.0297919,0.0298669,0.0275589,0.0283039,0.0279479,0.0304051,0.031247,0.0342585,0.0288143,0.0285316,0.0295722,0.0296386,0.0307934,0.0297907,0.0276154,nan
2,7739,838645,98,39991,2.3056716,1.3634555,1.3466806,1.2605807,1.2094999,1.0989239,1.1353361,1.1583081,1.09175,0.9538334,1.1100743,1.0954375,1.1144644,1.1095769,1.0981674,1.2448581,1.170723,1.0271407,1.0628387,1.0752631,1.1159721,1.0642027,1.0926979,1.0741229,1.040096,1.0683002,1.0912822,1.0794379,1.0360602,1.0406059,nan
2,7746,1799004,44,175099,1.4320116,1.4000342,1.108016,0.9709131,0.9094484,0.9580939,0.8899236,0.870812,0.8381513,0.8892503,0.8794689,1.1210297,1.1658673,1.2121893,0.8649982,0.9399879,0.8122699,0.7915834,0.8494779,1.1351611,1.2089864,1.2022021,0.7890048,0.819067,0.9344819,0.8041737,0.9234195,0.7810394,0.88281,0.8190407,nan
2,7753,890749,84,48331,1.1940641,0.6634321,0.6675987,0.5907283,0.604979,0.6395856,0.5861811,0.5511933,0.5280734,0.6012151,0.5491851,0.5071207,0.5941661,0.5789065,0.5437187,0.5816307,0.554063,0.5852285,0.5549037,0.5906518,0.5219082,0.5683639,0.5616062,0.5276024,0.5392557,0.487917,0.5506007,0.5393448,0.5308914,0.536324,nan
2,7758,516913,10,156091,0.7262442,0.8355288,0.6459402,0.5525228,0.5390243,0.5519149,0.5830203,0.5665134,0.5265511,0.5097786,0.5215234,0.5415546,0.5830082,0.5052988,0.5294697,0.4899286,0.4911236,0.5035896,0.4800667,0.5271363,0.5125412,0.5042876,0.5020648,0.4842072,0.4843624,0.5136373,0.5533249,0.4951947,0.5083301,0.4762717,nan
2,7761,489037,21,97621,0.7760231,0.654822,0.4600029,0.5110653,0.3500177,0.4647664,0.450891,0.4372704,0.4402805,0.4376819,0.3397695,0.4378261,0.4199514,0.4268094,0.4060466,0.4228193,0.4152053,0.4721616,0.3974785,0.4170827,0.4034778,0.4166628,0.3968273,0.4321322,0.4079996,0.4176431,0.4137032,0.3951818,0.4125806,0.4246477,nan
2,7764,683123,64,48292,0.7788046,0.50541,0.4351031,0.4691648,0.485331,0.4268838,0.4176578,0.4325799,0.4193311,0.4122747,0.4093918,0.4019431,0.3883987,0.394869,0.3986788,0.4066434,0.4077214,0.3878433,0.3852705,0.396202,0.3924947,0.4104407,0.3871282,0.3991988,0.374616,0.3869819,0.3744303,0.3735989,0.4055677,0.4059119,nan
2,7799,1510163,66,105055,3.2445238,2.5138617,1.975346,1.8046994,1.6239155,1.8124393,1.6565232,1.5979513,1.5402011,1.7118418,1.6462166,1.5020884,1.5363773,1.5973021,1.6086698,1.4967056,1.6132847,1.5613509,1.5897717,1.5369203,1.4176472,1.6173214,1.6766811,1.5686587,1.4758378,1.6701615,1.5920622,1.6565651,1.542573,1.6720251,nan
2,780,972549,44,92659,0.3435614,0.28394,0.2506715,0.2611534,0.2688653,0.2417461,0.247076,0.2392756,0.2481539,0.2358472,0.2325026,0.2759847,0.228715,0.240954,0.2305587,0.2316298,0.2376864,0.2317959,0.2258741,0.222485,0.2286152,0.2204285,0.2305975,0.2302782,0.2302931,0.2210477,0.2176098,0.2225976,0.2222868,0.2301042,nan
2,7801,115706,38,13936,0.2918193,0.1621849,0.154681,0.1571231,0.1504249,0.1625997,0.1508608,0.1462031,0.1473879,0.15041,0.151218,0.1432381,0.1543187,0.1425325,0.145681,0.1459492,0.1135223,0.1595874,0.1385276,0.1419224,0.1456307,0.1484013,0.1450483,0.1616164,0.0744568,0.1556951,0.1439759,0.146636,0.1556167,0.1518491,nan
2,7808,223910,89,11851,0.3712443,0.186667,0.1659263,0.1544,0.1606696,0.1519335,0.1445074,0.1489978,0.1435196,0.1507727,0.1495237,0.14559,0.1475459,0.1572233,0.1423696,0.1420274,0.144516,0.1542069,0.1440075,0.1380679,0.144896,0.1382886,0.1389593,0.1505704,0.1440748,0.1434798,0.13484,0.1459512,0.1411594,0.1421894,nan
2,7828,879352,59,68356,1.9709728,1.2589568,1.0782633,1.0470734,1.0715491,0.9663526,0.884079,0.9284102,0.9139391,0.9679088,0.9721932,0.9593178,0.7896489,0.9202347,0.7186347,0.9385382,0.7915319,0.8936062,0.9332438,0.8837237,0.8726304,0.8856727,0.8809203,0.8396405,0.9155281,0.8605283,0.8902919,0.9160899,0.8720285,0.9082425,nan
2,7831,1022974,47,92767,1.774503,1.4269201,1.2110866,1.0648398,1.1539222,1.1178896,0.9906045,1.025219,1.0245373,1.1292052,1.0638774,0.9264207,1.0819102,1.0414642,1.1015191,0.9610588,1.0444435,0.9848786,1.0367584,0.9947052,1.0382512,1.0258459,1.0159525,1.0492679,0.9962652,1.0050014,1.0357713,1.0289376,0.9315473,1.0256145,nan
2,7836,392445,28,62359,0.3512537,0.2774957,0.2256589,0.209762,0.2148499,0.2023307,0.2030163,0.1933185,0.1822092,0.1794688,0.1798365,0.1855738,0.1828775,0.1842456,0.1784954,0.1755254,0.1863376,0.1885207,0.1850329,0.1828213,0.1812962,0.1818447,0.1829813,0.1782719,0.1776612,0.1772494,0.1796193,0.1876611,0.1755896,0.186116,nan
2,785,82230,60,6373,0.04554,0.0516435,0.0528676,0.0525065,0.0508618,0.0529947,0.0494799,0.0514953,0.0487063,0.0485372,0.049953,0.0490345,0.0492982,0.04115,0.0429897,0.0425396,0.0429282,0.0462577,0.0455133,0.0430919,0.0410521,0.043256,0.043657,0.0435123,0.043156,0.0455469,0.0419495,0.0419494,0.0431855,0.044061,nan
2,7862,789988,49,73273,1.4378925,1.1264855,0.9925876,0.8868045,0.8638665,0.8449391,0.794926,0.7618467,0.8524898,0.79979,0.7803519,0.7920109,0.7609546,0.7910432,0.839405,0.7892779,0.7248496,0.805795,0.8184778,0.8315313,0.7859511,0.7970692,0.7911607,0.7888995,0.7658361,0.7938742,0.6872747,0.786552,0.7541764,0.831029,nan
2,7895,1897791,30,248911,2.5553046,3.1956152,2.0261962,1.8181666,1.8788531,1.6438566,1.7486145,1.7099276,1.6398756,1.6148022,1.5375077,1.6208979,1.6391535,1.6073234,1.5185263,1.640642,1.4978045,1.5216844,1.6854862,1.9239367,1.6674179,1.5395665,1.5342599,1.469121,1.5162867,1.5180054,1.722731,1.8417806,1.4876241,1.5666125,nan
2,7903,1699269,84,92002,2.1889884,1.471955,1.2266022,1.1887497,1.0920128,1.0396286,1.1719076,1.1300524,1.1437715,1.0071607,1.0767646,1.0751095,1.0165218,1.0371097,0.9924061,1.0932177,1.031564,1.0751399,1.0840254,1.1063677,0.9943994,1.0315211,0.9968431,1.0702218,1.0107429,1.0585078,0.9766224,1.0669198,1.1001196,0.992253,nan
2,7904,1243397,17,287854,1.5707484,1.8662849,1.3666117,1.1045665,1.1295183,1.0161212,0.9992545,1.0354048,0.9622462,0.9639002,0.9728525,0.964849,1.0172692,0.9346642,0.9586164,0.9879462,1.0512057,0.9494073,0.9651601,0.9487127,1.0299301,0.7947129,0.9338924,0.9670121,0.9388465,0.9758525,0.7830989,0.927673,0.9674034,0.9315546,nan
2,7904,1540807,68,102523,1.6945957,1.2144338,1.0565937,0.997288,1.0118763,0.9799224,0.8837394,0.9824663,0.9003913,0.8868112,0.8354924,0.8692665,0.9019337,0.9243823,0.8589647,0.8455567,0.7760125,0.86405,0.8187228,0.8760583,0.8476676,0.8737144,0.7905136,0.8671852,0.8005905,0.8500518,0.842969,0.8348461,0.9023189,0.8073043,nan
2,7909,189664,12,56260,0.1843962,0.14945,0.1408857,0.1664914,0.1498462,0.1580698,0.1432504,0.1471215,0.1505619,0.1384155,0.1395292,0.1609626,0.1496815,0.1315459,0.1381384,0.1493014,0.1345149,0.1469004,0.145628,0.1595304,0.1362899,0.1476282,0.1559304,0.1605886,0.1457856,0.1505576,0.1363824,0.1416989,0.1404677,0.1414334,nan
2,7918,1372335,12,404590,1.4889503,2.3879431,1.6338042,1.3778765,1.2938232,1.1850893,1.1645548,1.2217991,1.1541286,1.1850552,1.213899,1.0947173,1.1795286,1.1105301,1.0574569,1.1053204,1.1140863,1.1577148,1.0375626,1.1990502,1.0387332,1.0865323,1.0768076,1.1625714,1.0639195,1.0395004,1.0413192,1.0748864,1.1954827,1.0615011,nan
2,7921,1794176,80,101683,4.1232201,3.1030084,2.6676519,2.3225524,2.3618303,2.2689373,2.2232238,2.1810468,2.2048804,2.1449578,2.2418108,2.266086,2.2171347,2.1429042,2.3130119,2.1906444,2.1287981,2.3205936,2.0422468,2.2676675,2.1403657,2.1508579,2.0997663,2.2576648,2.1149104,2.0996372,2.1147742,2.020988,2.1596809,2.0938891,nan
2,7954,1989047,42,196204,3.0433742,3.0026243,2.4220814,2.0331575,2.0252454,1.9883019,2.0527416,1.9641817,1.7457144,1.9271296,1.7582045,1.7199761,1.8633086,1.7127628,1.7139332,2.0471494,2.214821,1.6996658,1.879202,1.6898001,1.6786524,1.8271877,1.7024938,2.0539305,2.280278,1.680618,1.8699042,1.7344816,1.6866212,1.7577015,nan
2,7981,1435653,12,408034,0.8516763,1.2679657,0.8661971,0.7737081,0.7580924,0.6926659,0.8391642,0.6621124,0.7422402,0.6552167,0.7471837,0.6344765,0.6354647,0.6177164,0.6004567,0.6181167,0.6415675,0.7675248,0.6031821,0.6052358,0.5922907,0.6009594,0.5895949,0.6874055,0.5949067,0.5773168,0.5897476,0.5809023,0.6048063,0.5832277,nan
2,7993,1957081,22,331708,2.2486077,2.744019,2.0463544,1.9171763,1.6706575,1.5691017,1.7070294,1.5131041,1.4904994,1.4861711,1.5261422,1.5141567,1.5492344,1.5002983,1.443537,1.4990418,1.5224988,1.521202,1.5371301,1.4591477,1.4263254,1.3679635,1.7578574,1.5895172,1.4648525,1.5206133,1.4424729,1.3926537,1.5388023,1.4049994,nan
2,7994,1499830,36,174739,2.3584659,2.1814481,1.6373795,1.5918356,1.5983728,1.5678753,1.390374,1.3936892,1.568291,1.3844187,1.4698414,1.4183985,1.3528022,1.4029357,1.3675857,1.451983,1.4296482,1.4369908,1.3559582,1.2831532,1.2692543,1.4112803,1.3012002,1.335842,1.2511443,1.3228094,1.3291228,1.3438442,1.3022135,1.3157387,nan
2,8019,1345049,30,188806,1.9615352,2.6170187,1.7182324,1.3689577,1.4914302,1.3831467,1.4233251,1.3266999,1.3476559,1.2859332,1.3304202,1.2484939,1.2380575,1.3541683,1.2846182,1.2529498,1.2999726,1.2119458,1.2573565,1.2453521,1.2593628,1.3044833,1.2442579,1.2615986,1.2605907,1.1704361,1.3252503,1.2637643,1.2467912,1.2521784,nan
2,802,664808,77,40321,0.3580533,0.3015709,0.2973551,0.2644673,0.2519817,0.251179,0.250452,0.2579269,0.2521527,0.2511779,0.2484979,0.2499626,0.2437605,0.2428319,0.2506562,0.2393024,0.2380561,0.2288495,0.2358957,0.2386269,0.2417998,0.2281619,0.2445796,0.2433827,0.2613738,0.2363682,0.2543942,0.2443912,0.2441394,0.2449189,nan
2,8021,374010,61,27667,0.4738705,0.3117902,0.2567034,0.2641393,0.2458774,0.2636505,0.2600811,0.2385294,0.2769788,0.2348017,0.2458616,0.2524282,0.2623499,0.2590825,0.2556666,0.2584361,0.2456174,0.2493094,0.2400259,0.2421001,0.2487354,0.2427411,0.2489887,0.2515192,0.2433747,0.2339106,0.2326451,0.247324,0.2428058,0.2469238,nan
2,8039,1541829,13,400858,0.9305296,1.5543221,0.8903074,0.7827263,0.7303226,0.7279374,0.7026372,0.6879197,0.6684876,0.6767772,0.6759935,0.6710567,0.6678542,0.670333,0.6248019,0.6404761,0.6158562,0.6341642,0.6078684,0.6355073,0.7030193,0.668217,0.8953475,0.6378997,0.6186385,0.6323078,0.6003312,0.6188068,0.6372186,0.6206823,nan
2,8045,273380,17,70666,0.500386,0.3751249,0.3327113,0.2983072,0.2812396,0.2871144,0.2800939,0.274179,0.2752973,0.2772958,0.278023,0.2591854,0.2806316,0.2589248,0.2661467,0.2534438,0.2578861,0.2597457,0.2545757,0.2569661,0.2636,0.2520685,0.2567051,0.259082,0.2593484,0.2588585,0.2295592,0.2580475,0.25986,0.2586925,nan
2,8052,1355183,55,113509,2.5868695,2.1471023,1.6003052,1.5473971,1.4941254,1.4042436,1.3737099,1.4985108,1.3547839,1.4080843,1.3096735,1.43015,1.5031055,1.3832855,1.3091798,1.3932726,1.3555205,1.3119517,1.3230602,1.2596736,1.3886069,1.3106141,1.3856258,1.3356529,1.3472654,1.2899359,1.4068067,1.2189391,1.3830122,1.4817385,nan
2,8057,90472,17,21358,0.2559695,0.1769465,0.2005585,0.1906974,0.1390633,0.1616544,0.1713147,0.1819132,0.1696428,0.1988399,0.160616,0.1737381,0.1576693,0.175717,0.1788459,0.183046,0.1720695,0.1655235,0.1669599,0.1910926,0.2161989,0.1850952,0.170184,0.1753894,0.1716625,0.1782389,0.1637476,0.1702527,0.1623918,0.1844756,nan
2,8065,135773,24,25603,0.178842,0.1106136,0.1114626,0.0997731,0.1060589,0.0815628,0.0904362,0.0850663,0.0862472,0.0855464,0.0852107,0.0856485,0.0869484,0.0829616,0.0847432,0.0857765,0.086125,0.0831859,0.0836746,0.0853936,0.0827372,0.0863893,0.0818776,0.0870326,0.0886027,0.0829226,0.0856611,0.0830829,0.0843176,0.0836312,nan
2,8070,1684972,37,191644,2.4320895,2.8115413,1.953101,1.7914165,1.6478249,1.8296627,1.6194594,1.6172953,1.7149511,1.6323485,1.5281259,1.5092553,1.6040045,1.4347036,1.5106925,1.6912955,1.6188086,1.5899806,1.5059546,1.5714587,1.532641,1.622813,1.5577728,1.5855237,1.4942695,1.5307342,1.4695853,1.4738112,1.4493121,1.5656728,nan
2,8071,1497242,93,73531,2.0041199,1.3824966,1.2458375,1.074111,1.0331799,1.033298,1.0713953,0.9982676,1.0291115,1.014445,0.9354931,0.9745102,1.0611798,0.9622648,0.918139,0.9301736,0.9718025,0.8944989,0.9021663,0.9382554,1.0037547,1.1392376,0.9553373,0.9079949,0.940826,1.0009795,0.9072435,0.9399679,1.0060175,0.9342921,nan
2,808,709274,36,85540,0.460551,0.4343571,0.3513601,0.3306355,0.3199244,0.3172869,0.2939906,0.3045412,0.3083136,0.2769335,0.2409296,0.3003902,0.2772045,0.2442027,0.271718,0.2815244,0.2669851,0.2734759,0.2777676,0.287792,0.2314746,0.2683884,0.2645682,0.2714204,0.265716,0.2211996,0.2584781,0.2643825,0.2388307,0.2735996,nan
2,8091,182060,31,26782,0.2190683,0.1307852,0.1301512,0.1257498,0.1191266,0.1242545,0.1175509,0.1130442,0.120969,0.1159451,0.092916,0.1068078,0.0954661,0.105475,0.096254,0.1029558,0.0988538,0.1065267,0.0960483,0.1012546,0.095362,0.1069096,0.094607,0.1036626,0.0953023,0.1056178,0.0961827,0.1006851,0.0888947,0.1048315,nan
2,8105,959649,29,131779,1.5069636,1.2621774,1.1210077,1.1427372,1.0919654,0.9465262,1.0182258,1.0061788,0.9577575,0.9920928,0.8838653,1.0122769,0.9467728,0.890822,0.8827345,1.0027232,0.9958288,0.9100871,0.9312787,0.8741167,0.9204076,0.9435076,0.9762485,0.9183496,0.964712,0.9024959,0.8532042,0.9164096,0.875659,0.9210627,nan
2,8107,19348,36,2575,0.1641505,0.1079727,0.116006,0.1010361,0.1152808,0.1229457,0.1168078,0.107551,0.131903,0.1026587,0.0627613,0.1042564,0.1059635,0.0992671,0.1138952,0.1261082,0.1093376,0.1265628,0.1314523,0.1048187,0.1034914,0.1091744,0.1364334,0.1040963,0.1316677,0.1160828,0.1150248,0.1231521,0.0945698,0.1036567,nan
2,8140,495142,51,42412,1.0834762,0.7201073,0.709752,0.677546,0.658718,0.6355624,0.6563441,0.6462411,0.6043017,0.6012857,0.6191249,0.5359189,0.5711542,0.6105422,0.5397355,0.5670335,0.5602485,0.5728158,0.454238,0.563826,0.5889289,0.5665424,0.5661754,0.569887,0.5416753,0.5220534,0.5478633,0.5324888,0.5476365,0.4219543,nan
2,8142,1470272,55,118750,2.7972377,2.3820372,1.9222338,1.8551403,1.7439794,1.676118,1.6649495,1.5735203,1.6342668,1.5668413,1.6881995,1.6326377,1.5670975,1.6830682,1.6628719,1.5084252,1.5711146,1.4992863,1.5480572,1.5034166,1.6263122,1.7702087,1.4477329,1.635327,1.4537522,1.5316733,1.4579432,1.4800666,1.6377371,1.4779236,nan
2,8142,970364,78,56497,2.4211683,1.584217,1.4284991,1.3580198,1.2851674,1.2396144,1.2890384,1.138156,1.2380242,1.1855117,1.2819185,1.1274564,1.2200541,1.2146019,1.1494512,1.3229697,1.1864537,1.2656145,1.1421209,1.3050931,1.1708127,1.237814,1.12323,1.1711568,1.2148344,1.1941819,1.2193568,1.2761679,1.262141,1.1148549,nan
2,8143,641630,75,39493,0.8317028,0.5240921,0.4731841,0.41877,0.4269541,0.4128603,0.4145425,0.3966865,0.4022778,0.3913033,0.3914527,0.406768,0.3870688,0.3763479,0.3685629,0.3651939,0.3772467,0.3831556,0.3940861,0.412864,0.3791775,0.3920809,0.3941564,0.373692,0.379668,0.3984923,0.3725218,0.3631343,0.3823189,0.3927592,nan
2,8150,1010933,24,162691,1.3929807,1.412839,1.1210429,0.9806796,0.9288825,1.0173434,0.9758899,0.9207663,0.8800932,0.9613843,0.9360475,0.8440093,0.922676,0.8717746,0.9747222,0.9237124,0.9336431,0.8392825,0.8795983,0.868111,0.9079531,0.9195048,0.8525436,0.801773,0.9450206,0.873747,0.8545767,0.9230477,0.903423,0.8738826,nan
2,8151,1707023,95,81952,4.6507008,3.1710003,2.6728159,2.4569629,2.3790326,2.2842235,2.321008,2.4516095,2.1194423,2.382051,2.3800975,2.2898528,2.0958112,2.2524635,2.1674689,2.2250956,2.1170043,2.3283425,2.2377118,2.1268181,2.0968574,2.1528119,2.1684983,2.6184591,2.2665499,2.2255394,2.0237312,2.2815608,2.166674,2.1864226,nan
2,8159,1683686,25,266212,1.1861936,1.3810699,0.9244832,0.9107254,0.8518785,0.8960444,0.8025929,0.7930408,0.7993144,0.8404595,0.773456,0.8137181,0.7645882,0.7541812,0.7953124,0.8344627,0.7792483,0.7106143,0.7853805,0.7261073,0.9134253,0.7878527,0.8237764,0.7520029,0.7966203,0.7167614,0.7825226,0.7250896,0.7426491,0.7528894,nan
2,8197,162892,96,7963,0.6225392,0.3254012,0.3031955,0.3094048,0.2733353,0.2676876,0.2736192,0.2779957,0.2523041,0.2678428,0.2623336,0.2562585,0.2406088,0.2432317,0.2522513,0.2498231,0.2426905,0.2623907,0.2437423,0.2323193,0.247675,0.247095,0.2622079,0.25693,0.2425982,0.2523614,0.2448239,0.213588,0.2397397,0.2397379,nan
2,8209,1364121,94,66424,1.8452427,1.1610029,1.0462081,1.0760434,0.9670281,0.8909769,0.9016621,0.9127059,0.9211081,0.8737047,0.8941694,0.8886843,0.8449457,0.9239022,0.8166496,0.892346,0.8615309,0.936797,0.8187526,0.820479,0.8740875,0.8097699,0.8808092,0.8409759,0.8085008,0.8207666,0.8126765,0.8330959,0.8435994,0.7989097,nan
2,8211,1555685,21,284623,1.8469633,2.2663925,1.5749787,1.4196999,1.3893497,1.3020674,1.3613506,1.2841241,1.3167106,1.2578378,1.2361118,1.1887438,1.2985835,1.2264107,1.1770196,1.1526518,1.259666,1.2125534,1.2016079,1.1593696,1.2303561,1.1452331,1.1938014,1.1541622,1.1446217,1.0630945,1.2551751,1.1318927,1.1592719,1.2067513,nan
2,8212,762378,81,43708,0.9557434,0.6040086,0.5468776,0.5373201,0.6189481,0.7255828,0.7136965,0.6030861,0.5069563,0.4297827,0.4357271,0.4459094,0.4497619,0.457246,0.430958,0.4300514,0.4118721,0.4398568,0.4589661,0.4444377,0.4457704,0.4439795,0.4430174,0.4340717,0.412142,0.4135493,0.4286683,0.424072,0.4311158,0.4234288,nan
2,8225,330505,100,15325,1.0159017,0.6675707,0.6945919,0.7054454,0.5672337,0.5381944,0.6138386,0.5679976,0.534618,0.5457753,0.5374988,0.4973279,0.5387703,0.5678424,0.4846181,0.5197106,0.530465,0.5491258,0.5442233,0.5989489,0.5331822,0.51241,0.527756,0.5091272,0.4627139,0.5023443,0.5424704,0.5183505,0.5209096,0.4826655,nan
2,8238,1803426,52,152434,1.6865487,1.5969893,1.1897227,1.0969982,1.012539,1.0506905,0.9899562,1.051512,0.9575854,0.8938988,0.9231451,0.9834583,0.8793828,0.9329043,0.8834288,1.0117603,0.8701694,0.8835988,0.9226138,0.9090879,1.3771328,1.0373464,0.8671208,0.9969833,0.9100764,0.9173672,0.8614112,0.9059712,0.8356932,0.9575135,nan
2,8243,44598,54,3874,0.2203743,0.0909033,0.0920006,0.0930931,0.0907364,0.0907775,0.08916,0.0875697,0.087805,0.0857316,0.0855063,0.0886723,0.0849764,0.1173884,0.0771069,0.0808435,0.0792681,0.0814099,0.0804125,0.0810939,0.0806472,0.0828303,0.0806196,0.0796559,0.0821192,0.0854701,0.0802124,0.083425,0.0820485,0.0859313,nan
2,8248,1443950,50,127135,2.6291837,2.4165732,1.7220453,1.7254905,1.4636164,1.6057247,1.6338849,1.5866252,1.4808022,1.4904737,1.4094525,1.4874697,1.3603682,1.4440766,1.6042859,1.3985359,1.4987671,1.5499814,1.4670616,1.4451412,1.3621369,1.4766932,1.354712,1.4175291,1.409374,1.4274753,1.4163006,1.3128605,1.4552375,1.5663812,nan
2,8253,20268,68,1444,0.0856015,0.0363583,0.0396689,0.0373688,0.03824,0.0406222,0.0375005,0.0376167,0.037671,0.0381047,0.0392985,0.0388825,0.038222,0.0377379,0.0364442,0.0375257,0.0387439,0.0389291,0.0388736,0.0368579,0.0402253,0.0368723,0.039367,0.0357474,0.0348702,0.0352855,0.0372204,0.035966,0.0358969,0.0390169,nan
2,8264,555623,49,52267,1.1623305,0.594312,0.6723976,0.3594989,0.6006756,0.6150983,0.5805195,0.5782312,0.5322633,0.5727816,0.5339959,0.5886012,0.5276318,0.49614,0.546733,0.5340754,0.5459112,0.4693262,0.5514818,0.538314,0.518976,0.5751881,0.5361988,0.5482123,0.5585109,0.3971076,0.5359178,0.557441,0.5145064,0.5362381,nan
2,8275,720781,59,55600,1.6095776,1.0412866,0.9130176,0.9630999,0.9246647,0.9042727,0.8696071,0.7816105,0.8984097,0.790698,0.8205101,0.8302343,0.8150757,0.7105804,0.7526494,0.8203351,0.8347011,0.8404693,0.7981134,0.8131774,0.8266769,0.8043199,0.8429765,0.8021863,0.7632669,0.8010304,0.8356219,0.806773,0.7426317,0.7980036,nan
2,8284,389051,54,33322,0.4352467,0.2716074,0.228114,0.2284309,0.2278058,0.2255554,0.2117453,0.2091004,0.2147664,0.2063659,0.2168596,0.2100446,0.2046982,0.2090801,0.196036,0.2003609,0.2040712,0.2014568,0.2025893,0.1943343,0.2029412,0.1963163,0.1998692,0.193528,0.2024315,0.2016207,0.202187,0.1921397,0.2084736,0.1976341,nan
2,8285,1424176,33,181561,2.1231107,2.3532141,1.6791862,1.4528289,1.4786504,1.4136742,1.3268252,1.318624,1.4839343,1.3468502,1.3417767,1.2683803,1.3945094,1.2545042,1.2159477,1.2895439,1.3713719,1.3193889,1.3106976,1.2344182,1.3350276,1.221733,1.2295049,1.294034,1.2338359,1.3697833,1.3783745,1.2447008,1.2886964,1.1898342,nan
2,8289,766331,55,64213,0.8544485,0.5296322,0.4602434,0.4392978,0.4330938,0.4232708,0.3959018,0.412978,0.3930188,0.40163,0.396933,0.3795511,0.3814133,0.3837622,0.4226576,0.3870203,0.3885937,0.3859302,0.3758769,0.3984749,0.3726176,0.3949871,0.3915952,0.3710836,0.3782721,0.3750781,0.3693203,0.3841628,0.3831936,0.3809446,nan
2,8305,1308372,94,64807,1.8883556,1.1495669,1.0070224,0.9011728,0.940119,0.9156127,0.828483,0.783882,0.7910912,0.7941052,0.8625311,0.7299653,0.7597623,0.8019502,0.751865,0.8511727,0.7359734,0.788515,0.7519654,0.7677783,0.7319525,0.7594689,0.7268306,0.782265,0.7900079,0.7079747,0.7464111,0.8404559,0.7408243,0.7854205,nan
2,8307,1228588,97,59038,3.4929434,2.2908865,1.8790006,1.8107525,1.6982439,1.7025924,1.7177178,1.6823927,1.7232306,1.7126235,1.7082321,1.5598542,1.576702,1.6229504,1.5844363,1.555801,1.5335765,1.6451525,1.5755825,1.7263927,1.5384034,1.6462492,1.5994247,1.5736358,1.534595,1.6710558,1.5525719,1.6033225,1.5754028,1.6654862,nan
2,8309,428121,86,23176,1.2871002,0.729346,0.6385024,0.6250631,0.562984,0.5744732,0.6104283,0.5283172,0.5766923,0.5290379,0.5555801,0.4364975,0.5299189,0.523188,0.4938878,0.5423752,0.5591222,0.5857341,0.5729742,0.5507036,0.4947906,0.5492288,0.5490347,0.535716,0.5122842,0.5091541,0.504246,0.5191358,0.5236905,0.5075514,nan
2,8320,309483,62,23269,0.8043772,0.4260865,0.4481314,0.4309797,0.4334004,0.4484386,0.3682881,0.3951672,0.3832542,0.393152,0.4012772,0.3853583,0.2959643,0.4001406,0.3925539,0.3728166,0.3974023,0.3797826,0.3844212,0.3888352,0.3906147,0.3847499,0.406029,0.4042775,0.3851659,0.3745892,0.402352,0.375431,0.3953409,0.397611,nan
2,8330,375001,42,39706,0.8421039,0.506557,0.4942555,0.5410968,0.4501988,0.4979977,0.4499959,0.4563156,0.442718,0.4351532,0.4496149,0.4710397,0.4847464,0.4929533,0.4246901,0.4377606,0.4257559,0.4830922,0.3908582,0.4349188,0.4594961,0.4501557,0.4417955,0.4799704,0.4539542,0.3826174,0.4557163,0.4528084,0.4563309,0.442627,nan
2,8332,1284011,95,62167,3.4707928,2.3524306,1.9064345,1.9970987,1.9510912,1.7840984,1.8557136,1.8152821,1.8256006,1.7252378,1.7901704,1.793984,1.8016644,1.8569758,1.777857,1.68375,1.7630911,1.7142762,1.7591041,1.7744269,1.7147699,1.5905875,1.6731663,1.6456739,1.6104772,1.6877484,1.6931418,1.5420555,1.7364217,1.6219862,nan
2,8334,921235,32,118855,1.4115383,1.206263,0.989387,1.002777,0.9768597,0.9567527,0.9004239,0.9208511,0.8724984,0.9773528,0.8757927,0.9416934,0.9059439,0.8941004,0.8483389,0.8650975,0.7767957,0.8033589,0.8378621,0.8671109,0.812599,0.9328167,0.8802799,0.8290039,0.8813827,0.8549136,0.8184209,0.8650972,0.8838287,0.8273779,nan
2,8339,448577,95,21808,1.2731997,0.7760487,0.7633238,0.6835801,0.7234913,0.6413096,0.676071,0.6532399,0.6693117,0.6306974,0.647923,0.6866022,0.6595116,0.5863379,0.648709,0.5950627,0.6314854,0.6584871,0.6258454,0.6235074,0.6119093,0.6126788,0.6134532,0.648574,0.6290118,0.6622775,0.683068,0.65841,0.674542,0.6603614,nan
2,8345,1388361,78,80770,3.4110661,2.2976707,1.8184988,1.9203194,1.8727274,1.7485432,1.8021305,1.7326564,1.8282989,1.7033182,1.6916852,1.7510479,1.7547669,1.6739477,1.6986117,1.8127615,1.7283841,1.6347391,1.8344463,1.5903842,1.638922,1.616035,1.6557105,1.5265401,1.6714648,1.8041727,1.658291,1.7491539,1.6889969,1.6419506,nan
2,8346,1610157,21,297697,2.0133979,2.6626181,1.7064134,1.6592995,1.5246877,1.3849557,1.3986324,1.4388797,1.2892135,1.3519252,1.2662291,1.4002936,1.3379782,1.4565837,1.3556127,1.4240526,1.3199712,1.405358,1.3932834,1.291021,1.3022708,1.2684106,1.2266842,1.3110559,1.2385688,1.256843,1.1896888,1.5623035,1.5800467,1.2459221,nan
2,8349,1538150,51,138613,2.7034562,2.3635552,1.8098401,1.6501923,1.5780499,1.5138583,1.6386896,1.3801126,1.4793441,1.4449696,1.435928,1.4557329,1.545466,1.6000306,1.5046773,1.5742662,1.5690826,1.5427424,1.4389196,1.6304129,1.5453261,1.5431487,1.4298493,1.528316,1.6209982,1.5317043,1.5106789,1.5392078,1.4109145,1.5424192,nan
2,8350,1657336,71,105709,3.3568529,2.6682389,2.3734351,2.1062449,1.9995281,2.1630273,2.0456985,1.8423737,2.0303977,1.9175432,1.8248258,1.8795433,2.0369879,1.8443012,1.8599233,1.9746171,1.8870416,1.8051059,1.955676,1.8085062,1.958639,1.8800903,1.8147738,1.9395012,1.8584295,1.9834564,1.85556,2.0701226,1.9756055,1.9977966,nan
2,8357,288593,21,60838,0.4915393,0.3653354,0.326286,0.3082091,0.2918541,0.2902248,0.2727368,0.2922153,0.3014924,0.2889789,0.2816517,0.287695,0.3034064,0.2707793,0.292959,0.2859511,0.2845633,0.3213452,0.1404205,0.2745269,0.2710178,0.2744898,0.2799954,0.2757078,0.2836328,0.1987951,0.2750083,0.2779736,0.3031363,0.2623368,nan
2,8361,207972,99,9817,0.7463466,0.404968,0.3988295,0.408969,0.3919688,0.3766303,0.420801,0.3464048,0.4434976,0.4010774,0.3643037,0.3508633,0.3581945,0.3041991,0.3651088,0.3808591,0.4318899,0.3651277,0.3843695,0.3617112,0.3590572,0.3238771,0.3375091,0.3161009,0.4259507,0.3540726,0.3568771,0.3817913,0.349226,0.3280105,nan
2,8368,468959,62,33940,1.1681909,0.7542702,0.6323113,0.6861002,0.6840846,0.6018503,0.6306335,0.6373623,0.6150657,0.6002879,0.5705362,0.6150979,0.5979289,0.620796,0.6288697,0.616698,0.576044,0.5872281,0.5865949,0.5757176,0.6063966,0.6292031,0.5726262,0.5601371,0.587569,0.6698258,0.5305737,0.6102929,0.5939168,0.6041136,nan
2,8382,1538730,46,144433,2.6737122,2.4174937,1.8484563,1.7521221,1.5614321,1.6001948,1.5840417,1.6051647,1.4966351,1.5835508,1.455359,1.628268,1.4748198,1.5186105,1.4837469,1.4988045,1.4538095,1.5200641,1.3517256,1.4659305,1.4559997,1.5059556,1.5769321,1.5417283,1.6275449,1.4277379,1.5278914,1.6029078,1.3479366,1.4381328,nan
2,839,1109913,20,216196,0.4471011,0.5074371,0.4059625,0.3993256,0.3720518,0.3579588,0.332622,0.3257121,0.3367852,0.3348928,0.313601,0.3021444,0.3111764,0.3148185,0.3323641,0.3110761,0.3754846,0.302467,0.3022572,0.2947008,0.2968397,0.3289435,0.2638289,0.3080106,0.2860506,0.2872539,0.292668,0.2848551,0.3057334,0.292926,nan
2,8393,1005415,77,58666,2.7258719,1.7173672,1.3918751,1.4298475,1.2917816,1.3639683,1.2498671,1.2722224,1.3624391,1.3441629,1.2809336,1.3562654,1.2628066,1.2615814,1.2991854,1.1998117,1.293473,1.1859089,1.3518276,1.2307836,1.2267791,1.2858086,1.1873005,1.2641676,1.2583643,1.3088205,1.1845184,1.3440678,1.2627394,1.3142175,nan
2,8406,929795,100,42646,2.6486343,1.7271876,1.5580131,1.4324136,1.3767196,1.3641228,1.3492803,1.3506127,1.36895,1.2801715,1.3194769,1.2592107,1.3045848,1.3863309,1.2137232,1.2625926,1.3257319,1.30129,1.3189613,1.3195043,1.2820753,1.2511429,1.2755409,1.2527377,1.2599016,1.2703933,1.2545375,1.3257746,1.3431973,1.2214143,nan
2,8423,1114400,29,172078,1.5890937,1.6732239,1.178878,1.120175,1.0148777,0.9564085,0.9987441,0.9193713,0.8994155,0.9503686,0.8950077,0.9027781,0.9687049,0.9869075,0.9773726,0.8728041,0.9257979,0.8615852,0.9371882,0.8804041,0.9096876,0.9554102,0.9330102,0.8806271,0.8877024,0.9892526,0.9189244,0.877913,0.8909656,0.9239805,nan
2,8429,1203585,80,69319,3.0525716,1.8718958,1.7259489,1.7377172,1.5292889,1.5109459,1.5680851,1.4386446,1.4226668,1.4069167,1.5301368,1.5745602,1.4981668,1.3726991,1.4928405,1.4395245,1.4826892,1.5009015,1.4856536,1.4535564,1.5254307,1.4799512,1.4264448,1.3869894,1.3636011,1.5279355,1.2710455,1.5079497,1.4165311,1.4632128,nan
2,8435,625667,53,54556,1.1932288,0.871015,0.8265468,0.7267586,0.7660216,0.7225464,0.7530599,0.6892836,0.6706086,0.6905336,0.7001149,0.7049591,0.6399466,0.6748461,0.7318202,0.6763576,0.6623817,0.6773714,0.6857398,0.6419891,0.6346747,0.6265646,0.7011431,0.6337817,0.6373219,0.690842,0.5924007,0.691851,0.6780224,0.646633,nan
2,8445,1011538,97,47215,2.8709106,1.6551817,1.6868627,1.5400175,1.5879843,1.4820937,1.5955833,1.4334004,1.4353703,1.441798,1.3500732,1.4485853,1.4226443,1.4590526,1.3724202,1.4016685,1.4275981,1.4157847,1.3583408,1.325008,1.3787559,1.3024015,1.3811532,1.2828607,1.3705044,1.2988504,1.3698793,1.3093141,1.3710505,1.2712565,nan
2,8451,1670848,60,122866,3.2473747,2.5474423,2.1331902,1.9146502,1.9272122,1.8786085,1.8508158,1.9269985,1.8241405,1.8470159,1.761869,1.7803775,1.7069959,1.7738719,1.9234749,1.7229355,1.737646,1.7945128,1.8290896,1.6982523,1.7144838,1.6848233,1.7765861,1.7550035,1.6648418,1.7661207,1.6406782,1.7131602,1.8041893,1.772549,nan
2,8462,905639,45,86644,1.619909,1.4049598,1.2007189,1.0511615,1.1418896,1.0595002,1.0170671,0.9486182,1.0400136,0.9604258,0.9874986,0.9157941,0.8966215,0.9911448,0.9468003,0.9572981,0.9890791,0.9538632,1.0053153,1.1152723,0.9948898,0.955679,0.9346142,1.0444325,0.9090367,0.9512884,0.9930818,0.9587363,1.0773493,0.9756475,nan
2,8467,974517,93,47764,2.5366967,1.5642556,1.5369704,1.3737552,1.3838566,1.4031354,1.2676102,1.3050763,1.3389392,1.3817139,1.2491187,1.1872844,1.286986,1.2572545,1.2186182,1.3079852,1.3549229,1.286682,1.2358928,1.2055344,1.2671531,1.1546042,1.2071757,1.2263007,1.1813119,1.2769272,1.2520501,1.1419703,1.1909377,1.0933787,nan
2,8474,281869,53,24073,0.3416872,0.227418,0.2466158,0.2186468,0.2329305,0.2172785,0.1971205,0.218918,0.206982,0.1975342,0.2094594,0.1957182,0.2238157,0.2062208,0.1863238,0.1948456,0.17834,0.1957296,0.2277845,0.2240941,0.1963421,0.191626,0.1988328,0.1907065,0.1861621,0.1865723,0.1941845,0.1820019,0.2065978,0.1985021,nan
2,8477,1621397,57,125821,1.5455252,1.2269786,1.0868028,1.0529706,0.9271983,0.9799001,0.8961005,0.8646222,0.8616738,0.9024677,0.833626,0.9237014,0.8094676,0.8334159,0.880624,0.8232103,0.9207701,0.8453852,0.9333824,0.8439266,0.933678,0.7876486,0.8060353,0.8486818,0.8397553,0.9233077,0.8355559,0.8082932,0.841771,0.8119438,nan
2,8481,1682659,67,111592,3.7553054,2.8523851,2.3156835,2.2731804,2.0439116,2.0781496,2.0555965,2.0146077,1.9449207,2.0347493,1.9706367,2.1062909,1.8107573,1.8101562,1.9624488,2.1798442,2.2249902,1.9411912,1.9240395,1.9717769,1.9493709,1.6993117,1.7259883,1.8773171,1.9043906,1.8319279,1.9145803,1.8340707,1.9340853,1.7114616,nan
2,8500,1431254,47,131656,1.2747338,1.1440016,0.8935001,0.8684079,0.8840466,0.7733902,0.7340278,0.8445671,0.7169018,0.7927831,0.8321958,0.7384106,0.8168734,0.7496837,0.7625736,0.7112176,0.771733,0.7065249,0.7508886,0.817211,0.7264513,0.7713387,0.7302519,0.8079136,0.936307,0.7152328,0.6893111,0.7442479,0.7798334,0.7435924,nan
2,8512,25988,12,8989,0.1418369,0.0767333,0.0729512,0.0736713,0.0713531,0.0776747,0.0547454,0.0704455,0.0691516,0.0704345,0.069861,0.0414577,0.0453525,0.0680546,0.0713934,0.0680459,0.0702071,0.0696591,0.0686696,0.0694548,0.0704774,0.0674837,0.0697143,0.0681228,0.067859,0.06962,0.0703334,0.0686098,0.0710076,0.0710759,nan
2,8528,1112120,30,161164,1.6463606,1.5906437,1.2788385,1.1427233,1.027551,1.1017264,1.0436137,1.0798193,1.0608489,1.0075484,0.9995036,1.0258936,0.9860888,1.004426,0.9662348,1.05283,1.0089367,1.0607453,0.95566,1.0237475,0.9420965,0.9835991,0.9975505,0.9624162,0.9967285,0.9519072,0.9775103,1.020455,1.000417,1.0277547,nan
2,8535,423616,85,23152,1.2206677,0.6999679,0.6463657,0.6271444,0.5826606,0.5805753,0.5486825,0.5908874,0.5555744,0.5509683,0.5512403,0.5527469,0.5420179,0.5470227,0.5623819,0.539702,0.5555666,0.5372239,0.558081,0.5280754,0.5516506,0.5485161,0.5586473,0.5603225,0.53486,0.5417749,0.5528951,0.5539655,0.5068338,0.5354106,nan
2,8537,24782,87,1363,0.1811382,0.085579,0.0781839,0.0744377,0.0769359,0.0730169,0.0765275,0.0797419,0.0736097,0.0686438,0.0699898,0.0392956,0.0704483,0.0700296,0.0691123,0.0706983,0.071971,0.068448,0.0716366,0.0693064,0.0710748,0.071105,0.092599,0.0685634,0.0739427,0.0896959,0.0692777,0.0725493,0.0688074,0.0712641,nan
2,856,1935282,88,99139,1.593765,1.3254684,1.3914501,1.2441462,1.3639284,1.2432407,1.232142,1.3209748,1.2030469,1.2347873,1.1277519,1.1076644,1.2284837,1.1193718,1.217932,1.1721803,0.929521,1.1388218,1.3131916,1.2298878,1.3607704,1.21765,1.0213715,0.9672458,1.2468069,1.2132048,1.1439063,1.0746667,1.0924147,1.1900144,nan
2,8572,26108,67,1849,0.1620726,0.1416539,0.1470868,0.1522319,0.1559083,0.1714717,0.1296634,0.1459731,0.13853,0.1410545,0.1334735,0.131897,0.1770168,0.1564022,0.1285946,0.1711322,0.1357212,0.1272547,0.1369227,0.1671341,0.1357272,0.1649778,0.1797036,0.122628,0.1516488,0.1419568,0.156611,0.1535101,0.1542489,0.1723255,nan
2,8573,1876273,19,357016,1.2440377,1.7813968,1.1994737,1.0161545,0.9291231,0.9086744,0.8584893,0.8220947,0.8817264,0.829296,0.8337844,0.8625417,0.8099896,0.817673,0.7959499,0.7825101,0.7944711,0.7567368,0.7779487,0.7585867,0.7660997,0.7506171,0.7719137,0.7512343,0.8883353,0.977978,0.8664508,0.7769778,0.7677471,0.7646993,nan
2,8595,345421,37,42619,0.7618484,0.4264537,0.4114957,0.3935822,0.3937698,0.3903691,0.3847173,0.3713034,0.374331,0.3789135,0.3723485,0.3864641,0.380311,0.3707954,0.363284,0.3624149,0.3457254,0.3656339,0.3596377,0.3920565,0.3568066,0.3573616,0.3570832,0.366961,0.363632,0.3532533,0.3630648,0.3686359,0.373997,0.3569991,nan
2,8610,268219,61,20374,0.3670704,0.2089841,0.1983205,0.1927108,0.1861984,0.1575821,0.1699842,0.1595135,0.1699085,0.1590656,0.1584367,0.1573471,0.1620009,0.1460732,0.1590629,0.1526175,0.1565825,0.1597812,0.1649539,0.1560211,0.1617242,0.1549224,0.158939,0.1549574,0.1547507,0.1627815,0.157114,0.1553552,0.1449205,0.168811,nan
2,8622,1379593,73,85879,3.1828219,2.3415522,2.0116651,1.8629357,1.8838609,1.9135901,1.8173282,1.8603637,1.7357512,1.8233884,1.6737912,1.7743258,1.598632,1.7142548,1.7379479,1.7799465,1.6457107,1.5893238,1.6084624,1.5821569,1.7218584,1.630908,1.7183932,1.9543613,1.5204743,1.6807328,1.8016256,1.6280483,1.6228195,1.4997912,nan
2,8639,95022,84,5344,0.4093182,0.2572207,0.2539607,0.2599439,0.2342744,0.2407312,0.274405,0.2547904,0.225733,0.2141651,0.2299465,0.2215226,0.2306219,0.2252976,0.2242316,0.1885849,0.278642,0.2235777,0.2786989,0.2242421,0.2284451,0.2311574,0.2214625,0.2440644,0.1983333,0.2486153,0.2390163,0.2441692,0.213969,0.2264421,nan
2,8643,1212345,85,65806,3.1786735,2.1093594,1.8583305,1.6680871,1.6498906,1.5907318,1.5619722,1.6153582,1.5955754,1.5379538,1.5480301,1.4947977,1.5581194,1.4600809,1.5899217,1.5689617,1.4180091,1.5762298,1.479305,1.5986805,1.5348798,1.5149907,1.4718441,1.5716439,1.4848803,1.6189626,1.4006415,1.519279,1.4694687,1.5218142,nan
2,8661,183665,80,10618,0.6403775,0.3600404,0.3596279,0.3356918,0.3693456,0.3089341,0.3193683,0.3250055,0.301752,0.3273388,0.3128982,0.2880963,0.313752,0.3413901,0.3001825,0.3105882,0.2951059,0.2969416,0.3106297,0.3143782,0.3079531,0.3194849,0.3132247,0.3078331,0.3053613,0.3249102,0.3288658,0.2892881,0.3038566,0.3293197,nan
2,8661,1972540,34,234190,2.6624369,3.1626145,2.2865031,2.003931,1.8779816,1.8873437,1.787653,1.8272013,1.793354,1.7996089,1.6325284,1.6693425,1.680109,1.6779719,1.6903361,1.6850452,1.6327649,1.7877357,1.61885,1.7483892,1.5964093,1.6047805,1.6663945,1.4935016,1.8176208,1.6054301,1.7680579,1.6459332,1.6276795,1.5955693,nan
2,867,160530,94,7966,0.1146205,0.1090241,0.1165252,0.12168,0.1100092,0.1157496,0.1180628,0.1231974,0.123466,0.1143496,0.125623,0.1242861,0.1141069,0.1152878,0.1241432,0.096001,0.09676,0.097995,0.1004056,0.1118377,0.099146,0.0959671,0.1114934,0.0954532,0.0953471,0.0995641,0.097438,0.1059073,0.096059,0.105446,nan
2,869,102293,28,16618,0.0876711,0.0835209,0.0781394,0.0776164,0.079112,0.07575,0.0971788,0.077309,0.0757228,0.0787773,0.0739082,0.077615,0.0762488,0.0729161,0.0729493,0.093803,0.061034,0.0690407,0.0725395,0.0714758,0.1021626,0.0604203,0.0678495,0.0632476,0.0648361,0.0697973,0.0700867,0.0695114,0.065705,0.0724835,nan
2,8690,1869131,64,129427,3.803462,2.9463467,2.312715,2.4663171,2.1954574,2.2359413,2.1783607,2.0499055,1.9600506,1.9905546,2.1329094,1.9589215,2.045005,2.0908369,1.944551,2.0088254,2.0466109,2.4066246,1.9376338,2.0320231,2.0354263,1.9342446,2.0699502,2.5014672,1.8932388,1.9560461,1.9608268,1.8920025,1.9660014,1.9177618,nan
2,8693,39099,99,1909,0.261537,0.1098448,0.110839,0.1085804,0.1063966,0.0998008,0.1003567,0.1023637,0.1203417,0.1018128,0.1027894,0.0974355,0.0948858,0.1031948,0.1034142,0.0991682,0.1018032,0.1045408,0.1045577,0.103187,0.1002454,0.1030704,0.1013412,0.101646,0.1006382,0.1034102,0.1059433,0.0955014,0.1052931,0.1038375,nan
2,8693,47514,50,4462,0.2103077,0.1104624,0.1028207,0.1022157,0.0982155,0.0965709,0.100882,0.0997783,0.0971443,0.1007583,0.1003894,0.0996871,0.1053207,0.0959689,0.0799007,0.1016014,0.0967574,0.0934762,0.0973657,0.0947559,0.0987975,0.090397,0.0967956,0.0969837,0.1000221,0.0973002,0.0943405,0.1065161,0.0940462,0.0958485,nan
2,8696,442882,97,21295,0.7343516,0.4002496,0.3441597,0.329836,0.3300734,0.3268144,0.3302536,0.310851,0.3112633,0.3008808,0.2992318,0.2977856,0.2861817,0.3019076,0.2887285,0.2842971,0.2940839,0.2918505,0.2904182,0.2991434,0.2932037,0.2949979,0.2783488,0.2985578,0.2895686,0.2913956,0.2662214,0.302715,0.2935758,0.280226,nan
2,8700,1755589,79,100507,4.4838393,3.1228251,2.7476395,2.3465311,2.387499,2.2887685,2.121732,2.2028508,2.2019441,2.1844227,2.0944863,2.1176012,2.0436568,2.0253591,2.1648382,2.1348465,2.0062191,2.1701221,2.0245014,2.1149061,2.0058689,1.9926731,2.4691086,2.4146493,2.0392749,2.0601337,2.2598106,2.1001758,2.1994262,2.037577,nan
2,8706,891669,59,65737,1.9834425,1.2792098,1.2258106,1.3091801,1.1851938,1.0623305,1.1497253,1.1737689,1.1081059,1.0609698,1.1287666,1.0723826,1.0320996,1.0790873,1.0044941,1.1391087,1.1091482,1.0607443,1.0407259,1.0856805,1.0813705,1.1091323,1.0089474,1.0780668,1.0372232,1.0308045,0.8937145,1.0216445,1.0559206,0.8761373,nan
2,8716,137672,80,8071,0.4726224,0.2483283,0.2301413,0.2311983,0.2192337,0.2170459,0.2292466,0.2127667,0.2077808,0.211811,0.205494,0.2052339,0.1699718,0.1941,0.1940586,0.1928189,0.1955668,0.197291,0.1922573,0.1957274,0.1928251,0.2176608,0.2123979,0.1961457,0.1965261,0.1867871,0.191202,0.183058,0.1855224,0.1895023,nan
2,8720,1164585,15,297016,1.3650372,2.2570764,1.3063031,1.1716083,1.0906939,1.0791228,1.137093,1.0288569,1.0177788,1.0562858,1.0240456,0.9844534,1.0593922,1.0138484,1.0750222,1.0356648,1.0118228,0.9293143,0.9844532,0.983625,0.9919998,1.0537706,0.9611657,0.9922981,0.9918067,0.9992128,1.0865847,0.9848812,0.9772298,0.9990457,nan
2,8759,1309101,83,71863,3.2662353,2.2442055,2.1218746,1.8678258,1.8359418,1.822002,1.7276409,1.7262333,1.6670054,1.769128,1.7343719,1.5713855,1.7037366,1.6974189,1.6400682,1.5936467,1.7278026,1.6484107,1.656428,1.6465064,1.6254372,1.6633283,1.706599,1.5951804,1.6708606,1.6994228,1.5479424,1.7155709,1.5979565,1.6499361,nan
2,8766,908063,94,44299,2.4310296,1.4582176,1.4855745,1.4019524,1.3215462,1.2779287,1.2210653,1.2902525,1.3088758,1.2315767,1.3257249,1.2621615,1.2434587,1.1883025,1.3118348,1.2590911,1.300651,1.2059491,1.2644194,1.2640118,1.1906577,1.2397477,1.2402529,1.2743763,1.163998,1.273289,1.2139358,1.2888867,1.2303134,1.2316467,nan
2,8783,507268,99,23434,0.857274,0.5003716,0.5202875,0.4653749,0.3987477,0.4268368,0.3974605,0.4364729,0.4094825,0.3835537,0.3575105,0.3851918,0.3959256,0.3806923,0.3894992,0.3566209,0.3661814,0.3998996,0.384992,0.3712838,0.3694924,0.415876,0.372043,0.4089008,0.3305461,0.3732196,0.4079074,0.3697569,0.3647279,0.3782545,nan
2,879,1703749,82,92683,1.4006902,1.389122,1.2334109,1.0440804,1.2257501,1.1404399,1.1025324,1.1471589,1.1063055,1.1254776,1.1049647,1.0444045,1.0350745,0.8118918,1.0384727,1.0865491,1.1451391,1.0252324,1.0311955,0.881182,1.0313413,1.1376001,1.017067,1.1183764,1.0610205,1.0479439,1.0381868,0.937392,1.201553,1.0070007,nan
2,8791,1131726,21,220408,1.5586336,2.2290502,1.3124612,1.1881409,1.1774104,1.2659296,1.1154289,1.1399097,1.1973649,1.0627441,1.0545763,1.1122063,1.1040252,1.0445591,1.0667698,1.0233054,1.0335664,1.189701,1.2955896,1.0427991,1.0831991,0.9953567,1.0328744,1.0279486,1.0702578,1.0523227,1.0642114,1.0325037,1.0034918,1.017374,nan
2,8792,1024453,54,83380,2.1283379,1.5578753,1.409637,1.4104524,1.4732428,1.2118502,1.2514003,1.2127621,1.3567669,1.215941,1.2014116,1.0329469,1.1944526,1.1952123,1.2679111,1.2691795,1.1347857,1.1974155,1.3013131,1.1004257,1.1595853,1.2464538,1.1676814,1.2097645,1.1504638,1.2398896,1.2389439,1.102699,1.0844581,1.1422276,nan
2,8793,636876,94,31345,0.9880126,0.5659798,0.5547835,0.503175,0.4611741,0.4764423,0.4869773,0.4623647,0.4811269,0.4667206,0.4439861,0.4461243,0.411659,0.4480558,0.4518998,0.4389193,0.4564091,0.4640488,0.4086016,0.4397893,0.416052,0.4537568,0.4296269,0.4566889,0.4158495,0.4245566,0.450887,0.4568132,0.406409,0.4412253,nan
2,8823,1919903,46,177436,3.3267861,2.9898974,2.3392967,2.0976082,1.9395352,2.053471,2.1273906,1.9841576,1.8540489,1.8704786,1.8419198,2.0047382,1.7946498,1.7350489,1.9954049,1.7865624,1.8954243,1.7605008,2.0028665,1.9338541,2.1027202,1.8634484,1.8189458,1.9240432,1.7688511,1.7887058,1.9088872,1.7580053,1.8960904,1.820726,nan
2,8828,367125,73,23365,1.1769036,0.6074913,0.5219178,0.5458032,0.4743535,0.4811917,0.4725913,0.4637015,0.4445128,0.4582152,0.4415129,0.4497567,0.4549083,0.4386169,0.4550231,0.435417,0.4503483,0.4735787,0.4574843,0.4520411,0.4952159,0.4535243,0.4495558,0.5144175,0.4275222,0.4423436,0.4335216,0.4366205,0.4240532,0.4278609,nan
2,8847,90457,73,5830,0.3589799,0.1939415,0.161254,0.1675535,0.1570236,0.1548575,0.1476804,0.1543139,0.1453765,0.1509797,0.1464622,0.1517017,0.160591,0.1751845,0.1570499,0.1534648,0.1480894,0.1446366,0.1663341,0.1469795,0.1535515,0.1473612,0.1484078,0.1503796,0.146274,0.1512358,0.1528386,0.1447972,0.148594,0.1480762,nan
2,8858,967422,98,45316,2.823379,1.7863671,1.5539513,1.6045728,1.4867247,1.4480581,1.4692338,1.4295035,1.3837064,1.4546275,1.3794814,1.2861193,1.4190929,1.2833889,1.3534502,1.4410648,1.3971663,1.2838346,1.3773177,1.3776135,1.2503208,1.3883133,1.2352,1.3662083,1.4304112,1.3523415,1.3318614,1.3657017,1.3829484,1.3043253,nan
2,8870,1006680,12,267760,1.3113591,1.6072645,1.179581,1.0140247,1.0845118,1.053501,0.9971024,0.9000092,0.9314113,0.9049489,0.8916117,0.909153,0.842645,0.9451303,0.891069,0.9241464,0.954341,0.8989179,0.8872682,0.861867,0.8877668,0.8477618,0.8716462,0.9680926,0.85168,0.9356312,0.9620339,0.8597384,0.883822,0.9745222,nan
2,8875,624133,62,46735,1.5353993,0.977971,0.8197047,0.8218115,0.7698617,0.7441308,0.7373345,0.7553311,0.6802054,0.7576967,0.7203237,0.7119689,0.7092903,0.7018994,0.6717643,0.6886195,0.7188728,0.6567813,0.6909811,0.6939854,0.6645667,0.6915693,0.6873457,0.6815437,0.7035564,0.6720089,0.6875459,0.6241352,0.6827644,0.5967678,nan
2,8881,917380,17,193573,1.2670466,1.3351582,1.0424679,0.8300401,0.9188773,0.956804,0.9448881,0.850308,0.9214435,0.8413122,0.8951779,0.8090343,0.7804976,0.8862067,0.8135541,0.8855675,0.7986856,0.8441832,0.7968445,0.8245937,0.8265599,0.7457554,0.875682,0.8743799,0.8302725,0.8431439,0.8515984,0.833256,0.7998966,0.7713741,nan
2,8882,1075082,39,126910,1.8691871,1.4511619,1.2494256,1.1778126,1.1624093,1.0521574,1.0727408,1.0229751,1.0742829,1.1404247,1.0337609,1.025438,1.0281941,1.0730398,1.0344326,1.1036848,1.0709026,1.0669731,1.0497105,0.9503679,1.02758,1.1089093,1.0089156,1.0802972,0.9765121,1.0684477,1.0755033,0.9728134,1.0397479,0.9961788,nan
2,8885,383855,89,20242,0.5887823,0.3438358,0.3118202,0.2977286,0.2541488,0.2643264,0.2562762,0.257121,0.2522918,0.2452411,0.2434401,0.2364386,0.2417447,0.2466075,0.2427438,0.2377869,0.2384186,0.235773,0.2341756,0.2437116,0.2381373,0.2267968,0.2401052,0.2380145,0.2347356,0.2405873,0.2323074,0.2420903,0.2344157,0.2366924,nan
2,892,1608582,67,108103,1.1771285,1.1650786,0.9334579,0.9419641,0.9078931,0.839738,0.9101405,0.868021,0.8254358,0.9159932,0.8391087,0.827083,0.845803,0.7609741,0.7917188,0.77162,0.7414725,0.8314664,0.849711,0.7603387,0.7795841,0.7201849,0.8052424,0.770517,0.7083815,0.7852282,0.7665297,0.7759257,0.7400188,0.676596,nan
2,8921,810430,96,38926,1.099278,0.6494345,0.6942978,0.651856,0.6027411,0.5860076,0.5772841,0.5735167,0.6462684,0.5769857,0.5822676,0.5399364,0.5539814,0.5571623,0.5380329,0.5916961,0.5600804,0.556718,0.5456918,0.5408628,0.5071399,0.5268183,0.5639966,0.5324992,0.5741468,0.5302036,0.5703275,0.557921,0.5439017,0.4926288,nan
2,8938,1624358,81,90454,4.2133676,2.6834934,2.2414979,2.31342,2.1815544,2.2572469,2.1405268,1.9690294,2.1458394,2.1687934,1.9969083,1.9685682,1.95377,1.9889535,1.9611122,2.0067433,1.9717568,2.0922307,1.9272416,2.0365116,1.9391855,1.9600876,1.9299488,2.0622849,2.0358574,2.1003383,1.9665862,2.0832434,1.8543739,1.9746337,nan
2,8947,1680429,97,79084,4.706948,3.2767947,2.5319808,2.4688877,2.6885459,2.267691,2.3983933,2.3428261,2.2287711,2.3902152,2.3907628,2.2023427,2.2338305,2.4773461,2.2179679,2.2326496,2.3710382,2.2891464,2.3124068,2.2525706,2.1963538,2.1953196,2.2561769,2.3172542,2.1198161,2.1096177,2.2347642,2.3317293,2.2632177,2.2583153,nan
2,8949,22539,75,1474,0.126626,0.0544895,0.0490081,0.0490494,0.0493563,0.0476221,0.0485366,0.0454017,0.0488706,0.0461292,0.0514894,0.0481448,0.0494367,0.0504968,0.0500463,0.0477543,0.0487421,0.0490894,0.0475793,0.0479308,0.0490822,0.0478381,0.0480553,0.0473255,0.0472252,0.0476578,0.0489814,0.0482692,0.0488072,0.048341,nan
2,8958,1664468,20,309553,2.0335282,2.4855292,1.9621766,1.7588031,1.5042897,1.4977085,1.4705007,1.5273526,1.4933529,1.4562504,1.4515549,1.3697666,1.3792033,1.4125022,1.3166172,1.4981617,1.6386624,1.4531113,1.3145761,1.3973025,1.3337474,1.3658997,1.2683338,1.4609108,1.5283601,1.2363474,1.3072931,1.368481,1.2716287,1.3880949,nan
2,8974,170347,35,21634,0.4133622,0.3002781,0.3309609,0.2978255,0.2845024,0.2955828,0.2807275,0.3118622,0.2455299,0.2543141,0.2574777,0.2540897,0.3314681,0.2497028,0.2703285,0.267937,0.2818878,0.2931074,0.2788828,0.2537352,0.2699765,0.2892531,0.2536548,0.2333482,0.2741821,0.3206839,0.2541869,0.2428142,0.2588503,0.2656722,nan
2,9000,1538028,56,125965,2.9342307,2.338695,2.0242316,1.8718349,1.6939688,1.7568703,1.8118405,1.5920137,1.5718068,1.5271574,1.6518159,1.6697697,1.6390661,1.6283459,1.6284778,1.5194714,1.6477839,1.626767,1.4833006,1.598047,1.5452416,1.533236,1.6207213,1.6488348,1.6658456,1.5079883,1.7409012,1.6547076,1.6379991,1.5883505,nan
2,9023,304465,99,14419,1.0158988,0.6041883,0.5985738,0.5753342,0.5691415,0.542255,0.5396243,0.5051746,0.5099992,0.5075968,0.5341727,0.4503506,0.505593,0.5366079,0.4872021,0.498128,0.5856077,0.5499935,0.518037,0.490558,0.486813,0.517056,0.4999342,0.4535064,0.5117377,0.5186771,0.4820439,0.4860898,0.4776859,0.4823746,nan
2,9043,1700135,42,171988,1.4141708,1.2984447,1.0642118,0.9371191,0.9680304,0.9159568,0.9950011,0.8382209,0.8759439,0.8245637,0.9803079,1.0939493,0.8939956,0.8143162,0.9088057,0.8045364,1.0888238,0.8393886,0.9397605,0.7952561,0.8131467,0.7846366,0.8012938,0.8153996,0.7993328,0.821824,0.7829927,0.803833,0.8970597,0.8194604,nan
2,9052,713911,57,57343,1.5597255,1.086884,0.860804,0.889683,0.8620775,0.8476538,0.7641792,0.8001527,0.7636239,0.8220402,0.7235748,0.7686097,0.8181783,0.7909261,0.7500321,0.7951858,0.7446778,0.7938306,0.7494687,0.808699,0.7876093,0.7439965,0.7808419,0.7496869,0.7108286,0.7882253,0.7511821,0.7775669,0.7772895,0.6888342,nan
2,9060,1095195,12,335890,1.3236472,2.2080501,1.4483805,1.1884975,1.1217875,1.0699279,1.0749785,0.9835146,1.0086361,0.9744146,1.0102746,1.0682598,0.9922732,0.9058691,0.9675751,0.9415422,1.0115006,0.9406558,0.9981855,0.9822631,0.981616,0.9427638,0.8883569,0.9504097,0.9273151,0.8302761,0.9124873,1.0321837,1.0285344,0.9411637,nan
2,907,1119129,50,100405,0.7624099,0.6725836,0.6806686,0.6311522,0.6547283,0.5592143,0.5570014,0.5230459,0.590308,0.5327351,0.5780629,0.5258433,0.5314611,0.5552173,0.5391728,0.5498111,0.5299448,0.5014411,0.5128492,0.5126922,0.5393151,0.5389325,0.528485,0.5521539,0.4499436,0.5357644,0.5239133,0.4639352,0.5186963,0.5619669,nan
2,9082,1453808,89,75064,3.5869961,2.4372335,2.3679857,2.1779337,2.0386054,2.0537019,1.9117414,1.9842934,1.9415446,2.0280106,1.8347346,1.9365378,1.9746571,1.8180336,2.0682435,1.9018499,1.9637068,1.8660336,1.7483644,1.8412949,1.8845326,1.8694452,1.8954744,1.9214689,1.8597204,1.9512973,1.9344801,1.9443964,1.8855563,1.974385,nan
2,9086,1357281,62,97762,1.4644155,1.033946,0.8681673,0.8238702,0.8313097,0.9166539,0.7971012,0.8126663,0.8498952,0.8154099,0.8940015,0.777708,0.8375894,0.8008727,0.8958857,0.8085373,0.8585369,0.7715563,0.8502905,0.7788175,0.8709392,0.7454339,0.8589954,0.7684817,0.8591953,1.0642105,0.9266053,0.8395494,0.7112638,0.7735119,nan
2,9092,435571,77,25987,0.6556372,0.3974371,0.4112703,0.3336642,0.3252154,0.3485852,0.3284943,0.321388,0.3036737,0.3129864,0.3128355,0.3206177,0.3281422,0.3235035,0.3339468,0.3314248,0.3137214,0.2938346,0.2974551,0.2957151,0.3155024,0.3260765,0.3114314,0.2943396,0.289498,0.3415324,0.3130117,0.2709135,0.3301524,0.3205327,nan
2,9096,227129,91,11794,0.8092887,0.3950544,0.4172785,0.391268,0.3531684,0.3604496,0.3434076,0.3709779,0.3149681,0.3001538,0.31726,0.3416597,0.3300491,0.3174969,0.3090715,0.3165419,0.3203529,0.3142681,0.2957763,0.2942056,0.3229053,0.3468581,0.3170101,0.3151437,0.3133665,0.3047039,0.3170645,0.3089243,0.3110848,0.3347566,nan
2,9099,1418788,100,65338,4.1458621,2.6642935,2.2236743,2.3252217,2.1661325,2.0147371,1.9657654,2.0449387,2.1312152,2.0584179,2.020287,1.9419863,1.9823061,2.0463906,1.9830999,1.9896952,1.8765021,1.8937952,1.9305777,1.9338212,1.8396088,1.9774359,1.9927546,1.9209675,1.8993066,1.9027131,1.860844,1.8852497,1.8249315,1.916893,nan
2,9107,544838,29,81235,0.5012951,0.4269972,0.3656053,0.3630195,0.3374951,0.2989394,0.3190823,0.308598,0.3139176,0.3109197,0.3040354,0.3185502,0.3149271,0.293579,0.3082795,0.3063892,0.2742636,0.3185388,0.300674,0.2948609,0.2790327,0.3071128,0.3351411,0.2800187,0.3017737,0.2624186,0.2975537,0.2965427,0.294854,0.313164,nan
2,9112,485622,29,73498,0.8636402,0.6627752,0.5712934,0.4409801,0.51252,0.4829218,0.4706449,0.4711116,0.4695082,0.4615847,0.4994498,0.4697219,0.4655047,0.456335,0.4574892,0.3962643,0.4527559,0.4487768,0.3073237,0.3496481,0.4464204,0.455771,0.4563634,0.3805305,0.4528935,0.4287693,0.4454865,0.4806253,0.4091344,0.4505918,nan
2,9119,1295311,75,77575,3.1469489,2.2342383,1.9751067,1.7827471,1.7894011,1.5830609,1.7646319,1.6931094,1.6726478,1.5123026,1.5981348,1.6167905,1.6402427,1.5617372,1.5548776,1.5455165,1.6318889,1.5046085,1.5878446,1.5297033,1.5851731,1.4851757,1.5602939,1.6212626,1.8356159,1.6763802,1.5218306,1.6180379,1.623362,1.5294843,nan
2,9119,920911,51,80140,1.8829247,1.3565193,1.1254508,1.1803548,1.1007201,1.106199,1.0749988,1.04912,1.1781784,1.0262586,1.0495208,1.1596147,1.0088792,1.0319279,1.1022865,1.0130435,0.9144348,0.9914747,0.9549068,1.0007839,0.8381046,0.9354557,1.0629695,0.9894709,0.8939353,1.0464162,1.0224886,1.0835744,0.9687,0.9946731,nan
2,912,1696792,80,94858,1.5295501,1.3473749,1.1366541,1.300396,1.1783405,1.1537635,1.1629649,1.247536,1.1116626,1.0695978,0.9953893,1.0647948,1.0795592,0.9995341,1.1652143,1.1303828,1.0278698,1.107911,1.003984,0.995372,1.0292468,1.2290264,1.0763198,1.1798632,1.1667096,1.0946965,1.109588,1.2101415,1.0956911,1.2172886,nan
2,912,476872,14,120241,0.2520029,0.2515657,0.2131861,0.2095813,0.215387,0.1636927,0.2039913,0.1869976,0.2081784,0.175518,0.1807143,0.1826624,0.1783069,0.1767464,0.1752658,0.1849543,0.1964556,0.1690365,0.1751851,0.1592055,0.1697816,0.1716958,0.1695849,0.1710382,0.1737399,0.1882822,0.1734311,0.1707955,0.1713579,0.169627,nan
2,9120,703663,18,168106,1.0069725,1.2239725,0.7711561,0.7004452,0.6780656,0.6635826,0.6207621,0.620919,0.6418183,0.5766205,0.6002306,0.5806697,0.6135355,0.6116101,0.5886573,0.5667284,0.6054345,0.6161122,0.5560021,0.5335852,0.5892282,0.5699874,0.4673239,0.4400729,0.5781476,0.5541172,0.571542,0.5554999,0.5875745,0.5511893,nan
2,9122,1363991,87,73138,3.6058873,2.2753449,2.0838772,1.8398501,1.817543,1.6935307,1.7783617,1.6513486,1.672319,1.7263736,1.7073329,1.6190303,1.6223244,1.645891,1.6640803,1.642438,1.601948,1.6724221,1.5580703,1.6251023,1.6452679,1.6591088,1.5221291,1.6318894,1.5428202,1.420996,1.4053838,1.6109262,1.5120303,1.6618663,nan
2,9136,173696,12,58735,0.3637428,0.2901077,0.2509231,0.2408204,0.2259263,0.2238361,0.2252054,0.2262862,0.2248394,0.2263809,0.2237884,0.2126527,0.2112288,0.2245773,0.2126813,0.2088573,0.2037536,0.210819,0.213306,0.2074074,0.2087473,0.2112978,0.2056369,0.2078355,0.2055659,0.2101746,0.2053696,0.2008804,0.2092199,0.2048384,nan
2,9140,218691,42,23503,0.5300577,0.3424956,0.2981274,0.3007144,0.2861057,0.2887874,0.2415446,0.2660576,0.2718558,0.2675724,0.285865,0.2631907,0.2965295,0.2673592,0.2593059,0.2663271,0.2589872,0.2555593,0.2583799,0.2788694,0.2165875,0.2764869,0.2572384,0.2528416,0.2538117,0.2600112,0.2414621,0.24484,0.2602145,0.2471902,nan
2,9142,375964,82,21070,1.1212587,0.6554094,0.6809951,0.6506885,0.6229104,0.5901732,0.6139623,0.5661113,0.5784738,0.5967684,0.5505232,0.531646,0.516602,0.539754,0.5224231,0.5604912,0.5422517,0.5250624,0.5790572,0.4407329,0.5059677,0.5836914,0.510889,0.4802781,0.5392927,0.4781945,0.5085917,0.5525497,0.5741111,0.5028949,nan
2,9171,1151128,70,75535,2.6111083,1.7549065,1.5714973,1.4374235,1.4742812,1.5077938,1.4152144,1.302761,1.3428906,1.3695558,1.1916008,1.273829,1.4239126,1.3690135,1.3948814,1.2234362,1.3057779,1.4327485,1.2771779,1.3515374,1.3692421,1.4093535,1.357533,1.3290347,1.3579735,1.3094243,1.3795591,1.4099682,1.3814109,1.2508481,nan
2,9179,200677,56,16465,0.2871821,0.1453402,0.1340234,0.1380535,0.1285264,0.1354181,0.137832,0.1356005,0.1361859,0.1359992,0.1258564,0.1226816,0.1319639,0.1321696,0.1213839,0.1255258,0.1263462,0.1242982,0.1275184,0.1340835,0.1214619,0.133751,0.1324288,0.1456855,0.1442367,0.1392809,0.1438184,0.1351481,0.1290027,0.1321413,nan
2,9188,1883078,74,113470,4.4036653,3.2223683,2.8082493,2.395844,2.3931633,2.394901,2.238301,2.3551981,2.2171994,2.2523407,2.2531507,2.2497707,2.3085798,2.3090101,2.3635058,2.0442467,2.2679521,2.0820855,2.30935,2.223713,2.1108057,2.3114551,2.1807498,2.0975074,2.3275303,2.6524106,2.2961069,2.2263004,2.2188274,2.1677148,nan
2,919,538002,58,42097,0.5089865,0.2952474,0.4117979,0.4319608,0.3847875,0.3985022,0.3911708,0.3859637,0.388288,0.3831772,0.389542,0.3665424,0.4060908,0.4079007,0.3673439,0.3943556,0.3969933,0.3941382,0.3984662,0.4205943,0.4319358,0.4139143,0.3848783,0.3894291,0.4073721,0.3743188,0.3951611,0.3647862,0.4194426,0.3998615,nan
2,9200,660837,71,42574,1.7201245,1.0710785,1.1488137,1.0020791,0.9543016,0.9776164,0.9109488,0.9487933,0.853544,0.8613814,0.9369766,0.8628672,0.9660379,0.8434703,0.8974978,0.9093827,0.8911869,0.9233724,0.8872264,0.9385719,0.9265692,0.8643426,0.8666674,0.8500519,0.9113651,0.8551826,0.9186892,0.8416102,0.8691929,0.8209367,nan
2,9205,619336,50,55120,1.3191599,0.9559739,0.8798335,0.8387586,0.7506182,0.8028745,0.7776469,0.7327675,0.7499932,0.7106571,0.6632081,0.7441371,0.7257943,0.6447296,0.7361523,0.7293668,0.6677938,0.7209977,0.7410868,0.55671,0.7030148,0.6269109,0.6701055,0.7090335,0.6564533,0.7728799,0.6526124,0.741747,0.7631014,0.6444654,nan
2,9208,1999081,77,116938,4.7642413,3.3251215,2.8465533,2.8105026,2.662762,2.8294466,2.5068385,2.3739822,2.4793512,2.4462619,2.4620026,2.5026594,2.428441,2.7952578,2.3160062,2.5386042,2.4675635,2.3455882,2.3868723,2.3628283,2.2619658,2.397239,2.3418134,2.8401366,2.2748752,2.4702255,2.3453932,2.1961611,2.3691696,2.3505764,nan
2,9230,609146,46,60595,1.2974858,0.7698273,0.7128181,0.7311501,0.7378672,0.7368979,0.7311427,0.6667342,0.6876606,0.6854631,0.6151406,0.6776686,0.7013777,0.640327,0.6628666,0.6799933,0.6943676,0.6573816,0.6766144,0.6783461,0.7279234,0.6827791,0.6947914,0.6525576,0.6873099,0.6934679,0.608834,0.6631088,0.627341,0.5910626,nan
2,9273,162385,96,7978,0.6339087,0.3242912,0.3045905,0.3068231,0.2756185,0.276054,0.3091121,0.2668256,0.2800478,0.2684492,0.2658452,0.2723185,0.2661878,0.2726355,0.274315,0.2717752,0.2558103,0.2863358,0.262026,0.2636623,0.2695711,0.2628522,0.2637874,0.2742308,0.2646022,0.2694876,0.2630703,0.2789818,0.2601129,0.2933349,nan
2,9283,1703565,64,116731,3.5434439,2.7300422,2.3835478,2.1855685,2.0141227,2.21294,2.0792332,1.9170125,2.0650713,2.0270946,1.9416674,1.9339273,1.9807457,2.0033158,1.9068182,1.9846077,1.983033,1.855153,2.0341521,1.6716181,1.9417381,1.9899539,1.8253746,1.8188116,1.8589462,1.9524776,1.7429794,1.8259678,1.9373894,1.8308599,nan
2,9292,1188493,24,201544,1.695939,1.8587656,1.5854118,1.330257,1.4405044,1.1200111,1.1699365,1.1890914,1.1065554,1.1613403,1.1235856,1.1374689,1.0904346,1.2419187,1.0469195,1.1163575,1.1158511,1.0837552,1.1026094,1.1051218,1.0679237,1.0129103,1.0785289,1.0845615,1.028771,1.0451645,1.0805118,1.0066401,1.0869688,1.009373,nan
2,9309,1736979,23,286846,2.1717994,2.5466207,1.8586703,1.7621987,1.6296101,1.5691759,1.4994392,1.5728811,1.3333724,1.4535998,1.5400157,1.4827223,1.4580882,1.3889762,1.4613425,1.3763288,1.4168811,1.5039551,1.4991821,1.5211878,1.4087326,1.3598893,1.4796131,1.1417049,1.4340366,1.3908565,1.3728814,1.4746747,1.3306579,1.3528353,nan
2,9321,1049794,38,121087,1.8465109,1.4668856,1.3023487,1.2786416,1.1153426,1.1909488,1.1242363,1.0959238,1.1135199,1.1215207,1.0715016,1.0531724,1.0876007,1.1138507,1.0873584,0.9320275,0.9660396,1.1381836,1.0808582,1.0389774,1.0762595,1.1186616,1.1522654,1.0467873,1.0785612,1.0604919,1.0934195,1.0886057,0.9956189,1.0567436,nan
2,9329,309515,72,20071,0.4581103,0.2582687,0.2327623,0.2150425,0.2222006,0.2037625,0.1918931,0.201271,0.1953724,0.2025398,0.2021736,0.1956611,0.1914919,0.1879344,0.2008998,0.2054373,0.1908554,0.1934248,0.195525,0.1937436,0.2086987,0.2107911,0.2020625,0.2105909,0.2093276,0.2133113,0.1935859,0.1972513,0.1858751,0.1868675,nan
2,9336,1978986,88,100837,4.7586544,3.4884908,3.069657,3.000576,2.8349063,2.6794466,2.7884422,2.7072693,2.6718095,2.6339563,2.5719795,2.718809,2.3419704,2.5281287,2.4162906,2.8631824,2.4383297,2.5150954,2.4988812,2.4450275,2.3867662,2.8203426,2.4803454,2.4912408,2.6535541,2.3863528,2.3880979,2.3805442,2.8804475,2.4352571,nan
2,9343,1397180,74,85501,3.3338689,2.3154404,1.9776149,1.8545223,1.8235253,1.9585747,1.7421363,1.6887608,1.8165646,1.7559431,1.8044692,1.8056283,1.653953,1.6848445,1.717657,1.8417667,1.6605179,1.7474005,1.6715691,1.8257745,1.6547565,1.7405499,1.7097366,1.7332731,1.8483257,1.6607772,1.8244798,1.625395,1.7606684,1.6001639,nan
2,9349,23350,55,1999,0.1447458,0.0406846,0.0625023,0.0677132,0.070629,0.0697685,0.0667584,0.0689266,0.0685673,0.0666354,0.0568264,0.0686855,0.0686806,0.0689902,0.0691931,0.0659182,0.0677515,0.0699566,0.0697959,0.0683886,0.0666718,0.0676444,0.0683743,0.0708487,0.0728448,0.0903244,0.0691233,0.0665213,0.0694361,0.0710972,nan
2,9367,74790,20,16750,0.200889,0.1280705,0.12831,0.1245737,0.1195403,0.1244073,0.1202281,0.1219827,0.122681,0.091331,0.1225723,0.120815,0.119866,0.1201123,0.1412247,0.1212756,0.1177131,0.1188458,0.1236322,0.1158435,0.1004436,0.1132687,0.1127885,0.1152225,0.1117208,0.1120004,0.1133151,0.1219573,0.1158431,0.1183043,nan
2,9379,1131234,76,68458,2.913577,1.9624721,1.6348214,1.5708087,1.5750793,1.5270396,1.4129181,1.5401753,1.4517302,1.3990626,1.4510392,1.5701543,1.3905792,1.4202028,1.5470653,1.4577859,1.4774878,1.3748046,1.3580449,1.4913218,1.4038203,1.4434733,1.3799344,1.4405025,1.344277,1.487027,1.4260773,1.4433176,1.3998014,1.4567287,nan
2,938,1508484,86,80815,1.4571259,1.3740371,1.2450647,1.0968585,1.1636256,1.1024417,1.0908268,1.0218273,1.0140584,1.1150816,1.05584,0.8834782,1.0062834,1.0183517,1.0861133,1.006043,1.0414495,0.9074924,1.0594679,0.9472257,1.1069751,1.0068172,1.0020621,1.0237571,1.0032817,1.011227,0.9434218,0.9901086,0.9573455,0.9908603,nan
2,9389,795437,10,258313,1.0491707,1.3111988,1.0217591,0.9227269,0.838123,0.8558349,0.8584165,0.8312615,0.7557493,0.8312592,0.7772272,0.7098827,0.8303812,0.7593527,0.7723108,0.7988246,0.7694988,0.7420045,0.7206727,0.7670538,0.7408325,0.7302876,0.7041279,0.7180121,0.7424287,0.7340476,0.7665873,0.724479,0.7772501,0.7500967,nan
2,9400,1885518,96,88750,5.3258071,3.2301359,2.9073186,2.7611564,2.612285,2.6310452,2.593635,2.5565477,2.4959934,2.3655465,2.5221853,2.5227706,2.4593682,2.3835444,2.3981003,2.5646037,2.6722349,2.4188818,2.5426814,2.3851901,2.2855371,2.5969492,2.4699751,2.9088584,2.4442159,2.3600458,2.4747819,2.3806494,2.651556,2.3388594,nan
2,9400,241238,28,38080,0.2595092,0.1602776,0.1484484,0.142017,0.1441172,0.1367242,0.1429733,0.1348513,0.1317176,0.1492215,0.1389165,0.1403245,0.1441283,0.1437767,0.1408888,0.1358257,0.1426426,0.1351609,0.1408492,0.1354514,0.1315854,0.1343018,0.1308577,0.1297592,0.1327508,0.1184273,0.1292268,0.1342528,0.1331437,0.1382987,nan
2,9415,411863,85,22582,1.2578268,0.722652,0.5528024,0.6291543,0.6013599,0.5724114,0.5863295,0.5624576,0.5913782,0.5523153,0.5422481,0.5282963,0.5512552,0.5521114,0.5092227,0.5460292,0.5353527,0.5642938,0.548274,0.5484286,0.5229782,0.5225707,0.4810467,0.5347649,0.5343746,0.4817145,0.5237924,0.5747798,0.5551721,0.5200408,nan
2,9415,427978,20,82480,0.6617213,0.6232838,0.602297,0.5466952,0.6349778,0.5071425,0.5392612,0.5871066,0.5232521,0.5096551,0.5249926,0.5365539,0.4976911,0.5190998,0.4934698,0.4777831,0.5000556,0.4939298,0.5032219,0.5035238,0.4683295,0.5209263,0.5040491,0.4936253,0.4988199,0.4818719,0.4850483,0.5507915,0.4960127,0.5023527,nan
2,9437,1185055,78,69814,1.5274014,1.0290604,0.8447722,0.8382898,0.8016638,0.7666735,0.7877681,0.8558976,0.7288567,0.7614747,0.7613516,0.7081257,0.7181642,0.7378457,0.6958259,0.7130094,0.7237534,0.7500125,0.7771055,0.7197595,0.7470894,0.8528573,0.8848086,1.0237685,0.7472465,0.8575854,0.7060832,0.7324328,0.8099499,0.7103202,nan
2,9437,1816170,61,131836,3.6429016,2.6331954,2.1982471,2.0183218,2.1961286,2.0278713,1.90741,2.078235,2.035215,1.8847504,1.8391582,1.9298079,1.9755204,2.0990881,1.8658947,2.0067924,2.0415802,1.908304,1.7858343,1.7966289,1.9152263,2.0542395,1.9429062,1.8120545,1.8842654,1.8422719,2.0688566,1.9513046,1.616282,1.9330234,nan
2,944,1827504,18,366835,0.7277209,0.7311791,0.657853,0.5622486,0.5353936,0.4825787,0.4096133,0.5146135,0.4567301,0.4461903,0.4605593,0.4502717,0.4192187,0.4302961,0.4176249,0.3956007,0.4170674,0.4164843,0.4309443,0.4945775,0.4224489,0.4006506,0.400479,0.4089499,0.5044694,0.3958261,0.3980916,0.3941367,0.3903423,0.3980683,nan
2,9448,292719,67,20149,0.8253064,0.4585614,0.5612916,0.4838478,0.4691571,0.4389788,0.4803102,0.4251258,0.4792182,0.4505051,0.4296603,0.4885122,0.4533314,0.5167506,0.4368221,0.4403401,0.4191591,0.4240578,0.4091945,0.4132008,0.4247291,0.4138222,0.4086508,0.4119565,0.432799,0.4395238,0.4022128,0.4324547,0.4012782,0.4363895,nan
2,9448,669499,89,34840,1.932991,1.1631786,1.0542222,1.0271803,1.0737083,0.9360255,0.8851753,0.8892228,0.9336987,1.0060505,0.9287045,0.9044907,0.9077465,0.8888338,0.9429137,0.8313173,0.9117255,0.8926157,0.9896008,0.7777509,0.870222,0.9173627,0.9778947,0.855522,0.9909113,0.8870988,0.9165047,0.8840248,0.8148168,0.8538874,nan
2,945,1345294,48,123808,0.5021565,0.4622451,0.4422352,0.4268444,0.3819351,0.3732495,0.4464435,0.3692418,0.3678396,0.3634455,0.3688457,0.363699,0.4515754,0.4341908,0.4552124,0.3367635,0.3335481,0.4083434,0.3430533,0.3294824,0.3203574,0.3283349,0.3403349,0.3307262,0.3368947,0.3312405,0.3189353,0.3297032,0.3307217,0.31961,nan
2,9450,706337,68,48073,0.9162121,0.5337702,0.4528935,0.4384302,0.4116067,0.4120512,0.4090187,0.4018467,0.4083364,0.371879,0.3979164,0.4179573,0.3774892,0.4088863,0.3724356,0.3638749,0.3807893,0.3649234,0.4001694,0.3650323,0.3591601,0.3929126,0.3855731,0.3642616,0.375714,0.3712075,0.3669258,0.3784505,0.3664382,0.4021718,nan
2,9451,798028,48,76156,0.7902756,0.5488753,0.4549917,0.4463806,0.4542053,0.4726684,0.4696769,0.4129835,0.4363426,0.417531,0.4144043,0.4412256,0.3804288,0.3987916,0.3887658,0.3926947,0.4032471,0.40139,0.3941561,0.3741031,0.3954091,0.4217072,0.4050889,0.39939,0.3760372,0.4101095,0.4081864,0.4178035,0.3886202,0.3875536,nan
2,9459,1501467,16,341107,1.8191233,2.3986513,1.6776539,1.5971486,1.4120195,1.3958818,1.3562289,1.3223351,1.2914246,1.2671664,1.4137143,1.2791723,1.4494063,1.2994101,1.2579699,1.317821,1.2900269,1.2858724,1.3532024,1.2042656,1.2635734,1.2071966,1.3455759,1.1714603,1.2987179,1.1802273,1.2753073,1.2207971,1.2698728,1.2661009,nan
2,9490,1318189,62,98323,2.8937843,2.1589535,1.8090482,1.5608359,1.5807281,1.5909954,1.5531871,1.3650514,1.4355824,1.533432,1.3715649,1.4101963,1.5280658,1.3381679,1.3215011,1.4080237,1.4192056,1.3696403,1.4160884,1.3801022,1.4669789,1.3637463,1.3604077,1.3431293,1.4574089,1.3463422,1.4545377,1.2004112,1.4905765,1.3251353,nan
2,9495,1026230,98,48568,2.901918,1.7020214,1.6091436,1.5112812,1.3555863,1.4334311,1.3220634,1.3533287,1.2591853,1.3246391,1.2783403,1.3119966,1.1280708,1.3119448,1.1066758,1.2053912,1.2537075,1.2578395,1.2067735,1.2749752,1.2554689,1.3087137,1.2187152,1.1655127,1.2763243,1.2614338,1.2070184,1.3079834,1.3447159,1.2376987,nan
2,9497,264666,61,20245,0.3883136,0.2180863,0.2067908,0.1721155,0.1736024,0.1757985,0.1666261,0.1877774,0.1560255,0.1754453,0.166967,0.1694703,0.1721118,0.1718125,0.157833,0.159274,0.1656051,0.1635834,0.1705518,0.1612045,0.1607618,0.1605598,0.169313,0.1578924,0.1677211,0.159885,0.153224,0.164315,0.1625572,0.1666353,nan
2,9499,1946092,27,280447,2.5741076,2.9854752,1.9754929,1.9941814,1.7736258,1.7495435,1.8061512,1.7551062,1.8619559,1.6303348,1.6471441,1.6255418,1.6994363,1.7064851,1.705589,1.621422,1.7879908,2.0841743,1.7049927,1.6784263,1.8386553,1.666044,1.6516536,1.4723189,1.6688205,1.5460127,1.6557469,1.5441338,1.7561829,1.6174394,nan
2,9510,1091196,29,160666,1.7308881,1.6119476,1.2667031,1.1868928,1.1011601,1.1126838,1.0242326,1.0710575,1.0332339,1.0324617,1.0700112,1.0967286,1.062824,1.0321511,1.0398152,1.0456938,1.0204603,1.1048092,1.1714076,1.0958935,1.0034682,1.0604744,0.9820757,1.0617774,1.0117465,1.0562157,0.9814317,1.0865874,1.0145715,1.0449157,nan
2,9520,1317253,94,64327,1.8233594,1.1692367,1.1252799,1.0878426,0.9038179,1.0130308,0.9504398,0.821482,0.9334074,0.9668241,1.1988258,0.8588695,0.9563256,0.8919097,0.9089149,0.8719007,0.9061307,0.8699313,0.9025356,0.8949631,0.9314963,0.8495427,0.9148611,1.3351533,1.1668056,0.9633708,0.8421964,0.9082851,0.8180743,0.8226721,nan
2,9551,1634653,60,120016,3.2918744,2.7654766,2.168889,2.0587289,2.0295269,1.9621059,2.0978943,1.971287,1.8806033,1.909485,1.8100441,1.8025725,1.8357634,1.8936035,1.8994504,1.7596897,1.8150716,1.7762879,1.8865907,1.7668938,1.7839275,1.8342851,1.8155816,1.9012287,1.7843979,1.9652087,1.8228409,1.875369,1.7822891,1.9105089,nan
2,9571,925830,66,64360,2.2659857,1.4856424,1.3420883,1.3968386,1.2043524,1.1755925,1.0404361,1.1697942,1.103891,1.1575866,1.1804666,1.0776686,1.0582007,1.1613091,1.1278229,1.1278848,1.0015246,1.0554726,1.0915262,1.0732241,1.0323515,1.0878437,1.1367017,1.0461375,1.0926691,1.0103309,0.9395185,1.0680076,1.1014675,1.0902222,nan
2,9576,1963745,74,114541,4.81245,3.2731201,2.8471441,2.7415778,2.6473154,2.6584338,2.4904964,2.4614405,2.3408309,2.3874754,2.3974387,2.3546026,2.3834441,2.3896411,2.6253931,2.2169231,2.3121406,2.2427847,2.4169678,2.8172375,2.2867605,2.2548039,2.2444211,2.3195749,2.3314598,2.2519247,2.4259602,2.3075674,2.6977373,2.8573201,nan
2,9576,363958,23,69661,0.6691723,0.4961157,0.453644,0.4143351,0.4106874,0.3500206,0.3637455,0.3647528,0.3690857,0.38089,0.237328,0.3708983,0.3278794,0.3697321,0.3363196,0.3483199,0.342253,0.3688567,0.3423601,0.3584986,0.3549766,0.3308189,0.338557,0.3508159,0.3353242,0.3699689,0.3206184,0.3433455,0.3370994,0.3451914,nan
2,9579,1341699,45,131527,2.4528009,1.8570381,1.697949,1.524416,1.5037884,1.4886072,1.4548627,1.4813628,1.3916368,1.442892,1.3941183,1.432665,1.4075127,1.3943047,1.4056796,1.3126928,1.4645097,1.3085527,1.423719,1.4443734,1.3268885,1.4017286,1.3042785,1.2750113,1.3553571,1.3058482,1.4344707,1.3351126,1.3316624,1.402027,nan
2,9584,782009,75,47707,2.036703,1.1586542,1.2010593,1.0734559,1.1858601,1.1127443,1.0894246,1.0603998,1.0604584,1.0309984,1.0938494,1.0313212,1.0348428,1.0687383,1.0105183,1.0917088,1.0595844,1.0374294,1.0430883,1.057552,0.9491559,1.0410763,0.9969505,0.9832963,1.0334388,0.9654396,1.008163,1.0068478,1.0593071,0.9730881,nan
2,959,864713,81,48454,1.0800428,0.8873004,0.7950715,0.8824294,0.6473569,0.783139,0.7580079,0.6504999,0.7270318,0.6922781,0.6429579,0.6718011,0.6429048,0.7065933,0.7090318,0.6154009,0.727873,0.6323668,0.6438795,0.6499656,0.7433048,0.7091587,0.6612009,0.6273083,0.708738,0.7422963,0.6945171,0.6759398,0.706051,0.6595431,nan
2,9593,937021,82,52951,1.290066,0.8255983,0.6393438,0.6615125,0.6399763,0.5904445,0.6924381,0.5799497,0.6236457,0.5777703,0.5933931,0.5623648,0.5717989,0.5897554,0.601582,0.5466589,0.6077296,0.5796931,0.6393909,0.5613679,0.6443273,0.5415708,0.5599906,0.5620576,0.5962636,0.5947947,0.6066774,0.57426,0.5465235,0.5531407,nan
2,961,993746,35,116839,0.3648578,0.2924588,0.2835612,0.2684646,0.2672168,0.2507444,0.2446541,0.2406829,0.2417466,0.2418045,0.3054681,0.2412068,0.235391,0.2290736,0.2342404,0.2334672,0.2504539,0.232629,0.2291214,0.2248171,0.2288562,0.2346973,0.2296833,0.2301154,0.2907008,0.2801521,0.2928611,0.2893631,0.2270965,0.2285362,nan
2,9614,1301701,69,85537,1.6009917,1.0972979,0.9793449,0.9221605,0.9112517,0.8043803,0.8113872,0.8609903,0.8924196,0.7758909,0.8548657,0.8196869,0.7725124,0.8924214,0.8066718,0.8238934,0.7838505,0.8681108,0.7836263,0.796614,0.8122378,0.8366387,0.7527735,0.77929,0.8680945,0.8149806,0.8119269,0.7650124,0.7752394,0.7464827,nan
2,9616,221608,98,10534,0.4354517,0.27448,0.2445,0.2541873,0.2226703,0.2200309,0.2324423,0.2228099,0.2173655,0.1964178,0.2045587,0.2040698,0.2114938,0.2415311,0.208233,0.2108106,0.2189863,0.199073,0.2305773,0.2132555,0.1937828,0.219438,0.2183919,0.199376,0.1917801,0.2045638,0.2176457,0.2079685,0.2112325,0.1972025,nan
2,9617,1861265,53,152221,3.2447039,2.8318909,2.2685298,2.2511979,2.1604516,2.0661561,2.0876649,2.0403827,2.0161663,1.90508,2.092343,2.079695,2.0593217,1.9052954,1.817274,1.9260538,1.9420503,1.9650369,1.8741579,1.9235763,2.0059393,2.0809988,1.859664,2.0204215,1.9813926,1.8748622,1.9650493,1.8549604,1.9720053,1.8448384,nan
2,9645,577509,99,27169,1.7580804,1.0451684,0.8910816,0.8637951,0.9320006,0.8286086,0.862773,0.8738293,0.8927647,0.745874,0.8506424,0.8657447,0.8795676,0.820125,0.8011514,0.8373066,0.8242283,0.7865295,0.8084364,0.8855096,0.8548893,0.8771143,0.7882355,0.8407426,0.6432348,0.8003269,0.8689772,0.8201453,0.8506155,0.8713986,nan
2,9662,1493618,80,85207,1.8205618,1.298943,1.1019106,1.0976774,1.0450328,1.000859,0.927516,0.9160852,0.9970041,0.9021446,0.9027045,0.9585765,1.1661255,0.909797,1.0534052,0.9643542,0.9226345,1.155627,1.0715214,0.9131028,0.9204987,0.8981651,0.9652145,0.8893673,0.9391335,1.0035582,0.9753122,0.9681111,0.987381,0.9831756,nan
2,9666,1216996,16,286456,1.6322928,1.9488823,1.3767114,1.1684219,1.310562,1.1799835,1.2239001,1.1223082,1.2447746,1.0962328,1.1926059,1.0972136,1.184504,1.0574234,1.1701091,1.0462287,1.0900375,1.0829059,1.0629028,1.0696104,1.0248644,1.1248071,1.1364122,1.0988324,1.0733851,1.0854187,0.994262,1.0892705,1.1902531,1.1265479,nan
2,9666,575909,100,26857,1.9556621,1.1150552,1.0611087,0.9962569,0.9009533,0.9395338,1.0003448,0.9112958,0.8469136,0.875545,0.9149405,0.9300038,0.8747303,0.9275898,0.8698873,0.9014249,0.8858702,0.857147,0.8549534,0.883034,1.0168565,0.9145784,0.8334107,0.9198982,0.890544,0.8522224,0.8055215,0.9797197,0.8507303,0.8340892,nan
2,9679,1144931,78,67885,1.4410839,1.0121553,0.9039702,0.8402209,0.7563718,0.7421768,0.7922995,0.7807986,0.7726206,0.7127483,0.7322075,0.739806,0.6990337,0.7655064,0.6893536,0.7739715,0.6906829,0.7303194,0.6971365,0.723176,0.7034329,0.7295404,0.7613161,0.6875411,0.7291408,0.7188943,0.6942881,0.6683581,0.7317794,0.6915519,nan
2,9697,805471,90,41776,1.1460161,0.6822719,0.6398041,0.6323047,0.545049,0.640298,0.5893049,0.5359104,0.5583163,0.5432863,0.551441,0.6663581,0.7209703,0.7143974,0.6701169,0.5763857,0.5486826,0.4890996,0.5560447,0.5359672,0.5151462,0.5332906,0.7012926,0.6786002,0.6068541,0.5248279,0.5039522,0.519527,0.5401244,0.5345087,nan
2,9704,699186,58,55624,1.5749342,1.0713028,0.8104118,0.6548785,0.8124821,0.8461566,0.8083011,0.7104427,0.8099074,0.6642247,0.7606158,0.7673414,0.7046666,0.7757709,0.7592342,0.7252778,0.7504936,0.6982586,0.707804,0.6972199,0.736993,0.7218253,0.5609043,0.6966037,0.7039929,0.7637837,0.6881972,0.7350879,0.6991461,0.6755598,nan
2,9705,600448,11,217411,0.8061383,1.035368,0.7524638,0.6621485,0.6469791,0.6118535,0.6086376,0.6122485,0.6099457,0.615195,0.5907608,0.5692144,0.5981276,0.5833008,0.5833421,0.5995849,0.6068129,0.5849468,0.5512993,0.5919598,0.5590613,0.5610405,0.5775608,0.5588775,0.5548478,0.5585229,0.5688476,0.5690239,0.5766836,0.5479637,nan
2,9717,1544657,58,115114,3.1668715,2.3422406,2.2443108,2.0030131,1.8747506,1.8638725,1.9275815,1.7806724,1.7957826,1.9397612,1.8107269,1.7259927,1.6967649,1.6519979,1.8638804,1.7115584,1.6443451,1.7321904,1.7580054,1.7331448,1.6712212,1.7707967,1.6378674,1.6798629,1.6462827,1.6687352,1.6221785,1.6968422,1.6785939,1.9424697,nan
2,9726,804079,83,44593,2.2876319,1.3406415,1.2154579,1.2374996,1.2610068,1.3177854,1.1638059,1.1995566,1.1825107,1.0868358,1.1520052,1.0767442,1.1254546,1.1395084,1.0626085,1.127904,1.1106586,1.0571197,1.1191911,1.1047238,1.1038845,1.0838095,1.1519675,1.032215,1.1173138,1.153059,1.0825095,1.1080305,1.1364947,1.126469,nan
2,9743,967099,36,110143,1.7211218,1.4605425,1.2513214,1.0374254,1.0437152,1.1273785,1.0321316,1.0833528,1.0132601,1.0373731,1.0762134,0.9846713,1.0249769,0.9266091,0.9697682,1.0627632,0.8992544,1.0095285,1.0315353,0.987123,0.9640921,0.9654535,0.9351941,0.9740568,0.9719607,0.9499324,1.0077394,0.9156341,0.9477398,0.9988707,nan
2,9751,191986,63,14158,0.5535705,0.3009953,0.2929476,0.2728438,0.2671386,0.2664794,0.2696231,0.2543616,0.2532347,0.2058136,0.2418617,0.2552108,0.264738,0.2693636,0.268934,0.2585056,0.2673024,0.2652736,0.2560433,0.2516395,0.2698451,0.2686602,0.2805377,0.2719427,0.2681805,0.2661407,0.273311,0.2571345,0.2404153,0.2520608,nan
2,9757,895174,32,112774,0.7983816,0.659068,0.5941948,0.5207433,0.5338736,0.5004623,0.4885662,0.4886948,0.5144761,0.4876763,0.4512683,0.4614845,0.4512926,0.4851517,0.5426826,0.6432673,0.6288698,0.4428121,0.4472354,0.4557401,0.4367452,0.4557331,0.4820184,0.4477914,0.4329342,0.4620339,0.4651434,0.4399558,0.4640011,0.451324,nan
2,9760,159002,39,18799,0.4154525,0.2553705,0.2258166,0.2196371,0.224079,0.219242,0.230646,0.2099293,0.2252154,0.2120263,0.2099511,0.2061961,0.2038868,0.1393653,0.203385,0.1971811,0.2087086,0.1977814,0.2015167,0.2028787,0.1917189,0.2238476,0.2029716,0.2013949,0.2015877,0.192612,0.1908754,0.1886667,0.1207497,0.2080852,nan
2,9763,1458922,41,161842,2.4470838,2.1269565,1.6281192,1.6582645,1.4815122,1.4486548,1.3255693,1.4330686,1.3037401,1.3310229,1.4107515,1.3222477,1.4285623,1.3920218,1.3153988,1.2922164,1.3214419,1.3518678,1.2854583,1.2633918,1.3599978,1.2959814,1.3533192,1.2654734,1.2681188,1.3079784,1.2641954,1.3235017,1.248108,1.3439517,nan
2,9771,1990561,36,225406,2.9119682,2.8686099,2.0488469,2.125842,1.9367809,1.9503923,1.9165918,1.8834048,1.6874818,1.7927377,1.8264526,1.8714513,1.8600347,1.9092193,1.7497005,1.9003327,1.7206595,1.7788143,1.7953188,2.0956983,1.9606063,1.7631526,1.8112268,1.8889087,1.7131797,1.6500009,1.9490302,1.7343403,1.8117478,1.6166864,nan
2,9775,1593714,13,421477,1.8491939,2.6956738,1.7931527,1.6168595,1.553634,1.5573961,1.4615728,1.3382304,1.4340923,1.3237299,1.2931907,1.3958685,1.36965,1.5433892,1.2762746,1.3425011,1.2364438,1.3313949,1.335674,1.4414942,1.6063484,1.2707085,1.2794203,1.3870897,1.2859043,1.2478743,1.3084762,1.2518385,1.2671032,1.2863065,nan
2,9777,1251231,26,198400,1.9695416,2.0921809,1.509463,1.2962742,1.2745081,1.2459586,1.2498895,1.1901888,1.2121033,1.2677864,1.049921,1.1287326,1.1102215,1.0806351,1.2374761,1.1306215,1.17292,1.106076,1.1686751,1.0665551,1.164984,0.9723497,1.1844505,1.1348433,1.230091,1.2588711,1.1062549,1.1239652,1.1097886,1.1129833,nan
2,9812,1807323,26,273853,2.4259747,3.120461,1.9650598,1.8667683,1.7287577,1.7373624,1.6828187,1.6833924,1.6155322,1.6411933,1.7465717,1.6007944,1.6471877,1.5503584,1.613922,1.6043145,1.6031688,1.8420204,1.8084678,1.5246262,1.7375668,1.4979862,1.5096415,1.5683574,1.8964144,1.8602487,1.5054754,1.6069029,1.4899397,1.4943751,nan
2,9833,501901,50,45316,1.1173803,0.6874276,0.7315337,0.6552089,0.6848543,0.599442,0.6283333,0.6306825,0.587367,0.5876256,0.4698791,0.6181175,0.5538214,0.5678011,0.5844889,0.5737434,0.6122322,0.5629697,0.5964448,0.6033663,0.5654096,0.5910654,0.5820315,0.5792387,0.5675268,0.5542814,0.5997763,0.5642611,0.56353,0.5875432,nan
2,9850,1052844,43,111970,1.8772372,1.5685584,1.2217471,1.1597338,1.0906042,1.0450291,1.0937478,0.9813288,0.9976041,1.0008263,1.0617361,1.0688906,1.0621629,0.9134257,1.0429343,0.9885228,1.0262614,1.0127859,0.9877809,1.0002396,0.9539649,1.0242182,1.0671631,0.9791752,0.9946267,0.9770671,0.9820561,0.9851057,0.8947168,0.9918503,nan
2,9850,554686,73,35185,0.7233076,0.4326016,0.4457882,0.4060958,0.4224257,0.412671,0.3908488,0.3996622,0.3907126,0.3821288,0.3796863,0.4052594,0.3803972,0.3909192,0.3757363,0.3804939,0.3763755,0.3577841,0.3985399,0.3926415,0.3519646,0.4181651,0.3814303,0.3858976,0.3646925,0.3773364,0.3701836,0.3900707,0.3832835,0.3442109,nan
2,9856,128406,63,9454,0.4395565,0.253464,0.2653877,0.2294539,0.2507879,0.2285175,0.2339821,0.2281692,0.2204255,0.178315,0.2242128,0.2103907,0.2051282,0.2168419,0.2037036,0.2104046,0.2113217,0.2068546,0.2148715,0.2100953,0.2156689,0.2042741,0.1945112,0.20654,0.2045616,0.1776705,0.2145631,0.2118717,0.2111051,0.2105196,nan
2,9866,171401,28,26308,0.4189222,0.2891065,0.3406164,0.2918497,0.2989859,0.2965585,0.3129544,0.3073443,0.2954525,0.292898,0.2858121,0.3017334,0.2877728,0.3179154,0.2727603,0.2683212,0.2804685,0.2714433,0.2945467,0.2846261,0.2814859,0.3077016,0.2835531,0.2819694,0.2953304,0.3049024,0.309881,0.2838479,0.2951204,0.2917394,nan
2,9867,993796,78,57076,1.2596099,0.7665222,0.755912,0.7611213,0.7213009,0.7286539,0.6705854,0.6346539,0.6568501,0.6395554,0.6693013,0.6506629,0.6670013,0.697339,0.635996,0.6606605,0.722028,0.6619961,0.6564807,0.7158088,0.6623256,0.6426075,0.633491,0.623763,0.6507902,0.7139875,0.6419944,0.6331555,0.6893468,0.647866,nan
2,9869,1572266,15,363700,1.892964,2.5992807,1.7486962,1.4150206,1.5437778,1.480927,1.3052347,1.3811973,1.4644596,1.295138,1.3711143,1.2955704,1.3281346,1.3927543,1.2572926,1.3272392,1.2283772,1.3634109,1.2826894,1.3499283,1.2775406,1.3604633,1.2200955,1.3342015,1.1994959,1.2672062,1.281577,1.2990763,1.4568522,1.5837902,nan
2,9880,1208334,36,144289,2.0904995,1.7235432,1.4255972,1.3018245,1.4545904,1.3887443,1.3612219,1.2532472,1.382411,1.3109839,1.2984956,1.2631676,1.3515963,1.1967975,1.2769839,1.3712271,1.2956354,1.2799896,1.1700611,1.2959081,1.2191763,1.352334,1.2493361,1.285994,1.2799699,1.251149,1.2357359,1.1235589,1.2685037,1.2772979,nan
2,9891,572010,44,58552,1.2335234,0.7532559,0.7892942,0.7632803,0.7597438,0.6846591,0.6709208,0.7360167,0.713529,0.6472762,0.6850114,0.7886475,0.6818807,0.7107441,0.6771528,0.6786301,0.6786908,0.6677662,0.6564186,0.6556729,0.705211,0.6907778,0.6134563,0.6832879,0.7120561,0.6529309,0.6810111,0.6171662,0.6912864,0.6650154,nan
2,9906,359145,94,17956,1.2060944,0.6625674,0.6240196,0.5675216,0.5697281,0.5145406,0.5286131,0.5094887,0.5156603,0.5093291,0.5055099,0.4773795,0.5263873,0.5054025,0.4971235,0.4675238,0.5128533,0.4894243,0.4799434,0.5021406,0.4873202,0.4549763,0.49226,0.4860385,0.4792306,0.4976797,0.4659159,0.4776341,0.4749758,0.4986436,nan
2,9908,321108,77,19618,0.4669735,0.2460081,0.245528,0.2421607,0.23766,0.2354495,0.2394304,0.2255258,0.2276536,0.2204183,0.2233878,0.210507,0.2152241,0.2096329,0.203323,0.1974449,0.197362,0.2142044,0.2224976,0.2232003,0.2299667,0.2254963,0.2245838,0.2099553,0.2068688,0.2186058,0.2093365,0.2049946,0.2102476,0.2015359,nan
2,9924,611255,30,87682,1.1137253,0.8922672,0.8433118,0.7793785,0.7823627,0.7457419,0.7908357,0.7099733,0.7230939,0.7229162,0.7137476,0.695618,0.665963,0.7153445,0.7780836,0.7130583,0.687571,0.6554638,0.6955208,0.7034985,0.653028,0.7628154,0.6772616,0.6588215,0.7010819,0.6532268,0.6566485,0.7403874,0.6841836,0.6821088,nan
2,9942,1388003,86,73897,1.9467499,1.1488913,1.1720819,1.009009,0.953592,0.9393768,0.9157871,0.967589,0.9077486,0.9673657,0.9388582,0.9039448,0.8966329,0.9524645,0.8746111,0.956975,0.9001091,0.8441712,0.9208711,0.8740713,0.8786023,0.8543453,0.9778313,0.875858,0.9682792,0.9158432,0.9082699,0.9110295,0.9596012,0.8985259,nan
2,9944,1842500,92,90970,5.1853468,3.114216,2.6411407,2.6881399,2.4389239,2.5658109,2.5350653,2.6157503,2.4866605,2.470156,2.3797809,2.2998433,2.4473639,2.3302418,2.3824821,2.3322706,2.5651817,2.320487,2.2869687,2.2725213,2.2236968,2.4486079,2.6296463,2.4123058,2.3419696,2.5197819,2.4349305,2.2862304,2.3698237,2.2054365,nan
2,9954,1540923,37,177400,2.6306418,2.3452061,2.1152461,1.7225621,1.7631398,1.6137783,1.5890628,1.6532289,1.5785593,1.6022683,1.585318,1.5002574,1.4960171,1.569918,1.5101833,1.6146312,1.4709555,1.5867684,1.3970641,1.5616226,1.4927807,1.525283,1.4485041,1.5556799,1.6214205,1.5992439,1.5670248,1.5329812,1.5377397,1.4852948,nan
2,9962,1446329,86,76492,3.8277679,2.4176952,2.2503495,2.1029086,2.0809565,2.1595607,1.907562,1.9800102,2.0248021,1.9952443,1.8943973,1.822527,1.844478,2.015409,1.9815308,1.7814911,1.8354358,1.9290431,1.7927264,1.874425,1.9238167,1.7590193,1.8907209,1.8139572,1.8639084,1.9220459,1.9137319,1.7283479,1.8842058,1.8025787,nan
2,9966,1381097,51,119470,1.3635803,1.0902202,0.8959019,0.8244871,0.842942,0.853447,0.7888824,0.7681246,0.7176666,0.7966086,0.7642951,0.7992549,0.8184289,0.7870248,0.8433232,0.7245702,0.7576244,0.8625018,0.714032,0.7077659,0.6937402,0.7360226,0.9118125,0.9990341,0.7194808,0.7437515,0.7034926,0.7426779,0.8400953,0.7161881,nan
2,9975,366846,83,20410,0.5735778,0.3341536,0.3360238,0.3247698,0.3351071,0.2961684,0.2871321,0.2899334,0.2770103,0.3102886,0.316273,0.2705707,0.2591246,0.2884674,0.2823878,0.2893101,0.261896,0.2591121,0.3281726,0.292243,0.2561167,0.2733244,0.3046844,0.2657344,0.2658694,0.283838,0.2897178,0.2827845,0.2962477,0.2789063,nan
2,9980,380358,42,40738,0.8722699,0.5357566,0.5420535,0.5358869,0.489466,0.4973746,0.4618476,0.4594033,0.4432068,0.504741,0.4418868,0.4706599,0.4260791,0.4606749,0.494008,0.5099066,0.4675142,0.4586985,0.4448897,0.4694833,0.5166985,0.4712125,0.4263207,0.4632792,0.4690125,0.4684791,0.459506,0.4998207,0.4647204,0.4734873,nan
2,9980,47759,39,5656,0.2435028,0.1035982,0.111213,0.1111572,0.1076048,0.1103251,0.1091431,0.107676,0.1326883,0.1109996,0.114297,0.1154008,0.1084082,0.1086942,0.1092467,0.1086682,0.1100616,0.1114132,0.1097818,0.1070442,0.1210802,0.0942982,0.1091102,0.1079361,0.1100794,0.1090916,0.1065663,0.1111338,0.105903,0.1102466,nan
2,9998,1433262,53,119374,2.7689768,2.20676,1.7579375,1.7964211,1.5906574,1.5825427,1.6582126,1.6367803,1.5169996,1.5896413,1.5711487,1.5969986,1.5837865,1.4382815,1.4475005,1.6584583,1.6405764,1.4435908,1.467926,1.5671091,1.6051662,1.5797369,1.5048567,1.5135245,1.5519068,1.6325124,1.4191063,1.4984537,1.5539826,1.5493649,nan
2,9999,1226722,43,124171,2.246133,1.7510764,1.3519712,1.530554,1.3236221,1.3286826,1.412021,1.4021112,1.2456153,1.4356173,1.3509321,1.2636118,1.3395069,1.336284,1.2003867,1.3166321,1.261765,1.325971,1.244844,1.3794094,1.2857313,1.2333555,1.2290556,1.3204041,1.1797318,1.2910052,1.2321411,1.3042293,1.2726999,1.3152279,nan
3,1006,375673,37,45817,0.7997782,0.6107269,0.6059948,0.6125861,0.4694749,0.5648484,0.5113274,0.5368413,0.5218482,0.5451738,0.5078148,0.5313332,0.5093531,0.5338177,0.4973806,0.4970407,0.493211,0.5173301,0.4983977,0.4867857,0.5349309,0.5078315,0.5228701,0.5013812,0.4968128,0.5217849,0.4583337,0.5011157,0.510525,0.5151878,nan
3,1010,217883,58,17224,0.5295461,0.3984594,0.3952481,0.3731345,0.3129007,0.3402682,0.3411649,0.3238939,0.3613073,0.2905433,0.3113528,0.3222086,0.3109252,0.3151668,0.3325586,0.3206788,0.3226792,0.3080817,0.3160767,0.3140377,0.3122992,0.302578,0.3141489,0.3366271,0.3186908,0.3254645,0.3081232,0.3394866,0.3181194,0.3278415,nan
3,1029,1249276,34,164191,2.3169228,2.1067905,1.8411854,1.807118,1.7373879,1.7394605,1.8500847,1.7526421,1.9016203,1.9194284,1.669717,1.7122417,1.5343025,1.7488308,1.7582666,1.6821518,1.6518489,1.5896122,1.8014689,1.6357934,1.6106887,1.7050523,1.6929695,1.5694034,1.7649084,1.6196654,1.5825771,1.7026769,1.6531934,1.7754115,nan
3,1030,728984,81,40936,2.1077029,1.7125864,1.4756564,1.3976238,1.3374934,1.3169589,1.3695553,1.3144928,1.2365023,1.0802902,1.4255799,1.2442335,1.2813433,1.3266378,1.3053369,1.2043312,1.2009972,1.2281805,1.2750866,1.3015911,1.2833368,1.2031468,1.2606547,1.1532116,1.2720242,1.2125,1.2857908,1.3234912,1.2534128,1.2963809,nan
3,1031,1009187,96,47788,2.8484951,2.2220257,2.1420151,2.0974002,1.862109,1.8563021,2.0160405,1.7059718,1.8508704,2.014647,1.7111958,1.8836417,1.9263781,1.9062317,1.8049445,1.6939025,1.883488,1.7231795,1.7758395,1.9575929,1.9252118,1.8700867,1.6517491,1.8342107,1.8809094,1.815295,1.7635362,1.9571503,1.7648701,1.8698935,nan
3,1032,845228,29,129688,1.5479133,1.2766973,1.2983069,1.2242621,1.1604278,1.2216997,1.08751,1.1741118,0.9738514,1.1351385,1.0972935,1.0573367,1.1416391,1.06766,1.0888158,1.0596511,1.1482616,1.0259465,1.1190967,1.1255713,1.1269616,1.0572551,1.0168178,1.0451313,1.0265204,1.0989433,1.1761612,1.1069532,1.1052251,1.1582309,nan
3,1040,1410855,22,281572,2.5466624,2.1560082,1.8371955,1.846993,1.7891523,1.6491022,1.7157068,1.5906375,1.7126998,1.6408965,1.8094851,1.7576984,1.5810579,1.7700662,1.6972343,1.7884167,1.8545225,1.8126757,1.615005,1.8365445,1.7620555,1.727645,1.7479481,1.7983753,1.6939976,1.6825233,1.6341792,1.6894014,1.674364,1.5469835,nan
3,1046,772210,18,185716,1.2701283,1.2260613,1.0852087,0.8426918,0.981714,1.0122087,0.9835269,0.9522313,0.9992395,0.9536377,0.9766869,0.8551967,0.9630935,0.9976918,0.9161651,0.9217797,0.9256271,0.937713,0.8506286,0.9303268,0.9254705,0.9477982,0.9513459,0.9015079,0.9138402,0.9645469,0.8926837,0.892845,0.8830753,0.9178945,nan
3,106,1417791,94,68239,1.1303225,0.9344762,0.9076196,0.9458482,0.8926944,0.8916514,0.9232771,0.9462397,0.868755,0.8694276,0.8716886,0.9410563,0.8989462,0.8914104,0.8687081,0.9468706,0.8716343,0.9787641,0.8970948,0.862362,0.8627971,0.8767285,0.8690468,0.8472928,0.8174534,0.8530912,0.8634549,0.8485438,0.8718384,0.8561632,nan
3,1071,1766299,55,143479,4.1263506,3.1205236,3.1446273,2.9640969,2.8224114,2.9236113,2.6684249,2.9208521,2.7100312,2.8353714,2.7795098,2.9148032,2.6478686,2.5231638,2.7357511,3.231166,2.6199083,2.6505875,2.7695729,2.5705648,2.5985975,2.8164498,2.5386126,2.5984871,2.9039635,2.6662742,2.7552651,2.6931662,2.7108604,2.5382839,nan
3,1087,311115,99,14506,1.1504557,0.7342683,0.6779303,0.6495982,0.6570542,0.4689737,0.7145623,0.618165,0.6231031,0.5473919,0.5753166,0.5894487,0.5647033,0.5774857,0.592085,0.4324003,0.57374,0.455444,0.5497026,0.5432519,0.5746666,0.5593297,0.6445103,0.6163635,0.5385958,0.5766884,0.5873535,0.5610916,0.5923497,0.5703283,nan
3,1111,1775518,10,711877,2.6982567,2.9997401,2.4278453,2.268195,2.1872593,2.2220159,2.1455471,2.2376942,2.1247393,2.1107817,2.2622607,2.2379721,2.0974052,1.9781996,2.0191806,2.1065527,2.2045934,2.2606828,2.2206455,2.2474662,2.2189849,2.0766994,2.190732,2.0670932,2.0669816,2.155919,1.9709023,2.0204602,2.4401826,2.4441587,nan
3,1134,843547,85,45274,1.1612495,0.8668112,0.8365787,0.8098,0.8379622,0.7757126,0.8144174,0.7871973,0.7558788,0.8266976,0.8089478,0.7539966,0.7415612,0.8538201,0.7391269,0.7576032,0.7751029,0.7998871,0.7146543,0.7769002,0.7733207,0.7743191,0.7548678,0.7944369,0.7796079,0.7617418,0.747935,0.7254927,0.8813445,0.7431288,nan
3,1137,719993,28,114574,1.5332016,1.2545773,1.1211109,1.0641772,1.0158385,1.0588542,1.0070368,1.043901,0.9919331,1.0474768,1.0249432,1.0482542,0.9919586,1.0748289,1.013712,1.0002571,1.0219706,0.9425868,0.9482043,0.9409236,0.9438106,0.9326053,0.9799214,0.9811713,0.8960826,0.9649251,0.9968931,0.9770027,0.9816113,1.0118713,nan
3,1141,773670,40,86866,1.6641935,1.3895664,1.34044,1.2156005,1.1866706,1.19862,1.1636949,1.0633253,1.0883244,1.0979096,1.1263179,1.1224635,1.1054932,1.1435357,1.1019169,1.0919822,1.1519707,1.1502254,1.0818222,1.1446586,1.1144697,1.124194,1.1133243,1.1085428,1.1399529,1.0570621,1.1092311,1.1112069,1.0512983,1.0857099,nan
3,1142,1194812,49,109525,2.8129435,2.22741,2.1108281,1.9706835,1.9198721,1.8520569,1.9034616,1.7240224,1.8518263,1.6715549,1.9293256,1.6738489,1.6384379,1.7977877,1.7633026,1.7886952,1.8299734,1.7357211,1.8366893,1.8054907,1.7732418,1.949974,1.7197813,1.8193651,1.7540565,1.5940233,1.7559894,1.6973601,1.7202366,1.7860253,nan
3,1143,1918376,68,126964,5.2143586,3.6300872,3.8131795,3.6584734,3.5089428,3.4620424,3.1667187,3.2360862,3.3670957,3.4187301,3.1579528,2.9764269,3.0642693,3.3631471,2.927888,3.2189057,3.1874986,3.3959117,3.2977771,3.151759,2.976264,3.0823786,3.1831065,2.9744196,3.1543869,3.3180037,3.0439807,2.7399384,2.9390748,2.8107617,nan
3,1144,536081,56,43192,1.3111491,0.8705052,0.9884292,0.93293,0.8103173,0.8601191,0.773996,0.8376399,0.8283805,0.8905022,0.8646146,0.8157669,0.8402124,0.7178924,0.9059263,0.8516923,0.8330434,0.6955449,0.8766954,0.7936219,0.7982152,0.8211127,0.8448538,0.7847335,0.687364,0.8375463,0.8739275,0.9148934,0.9248007,0.9169415,nan
3,1151,1249199,75,75310,1.738559,1.3362181,1.2726294,1.1567595,1.1899079,1.1599064,1.126668,1.1358286,1.0591996,1.1263905,1.0637731,1.2829781,1.1780189,1.0746257,1.1734611,1.0547781,1.1607538,1.1618111,1.1116699,1.0381533,1.1169421,1.0142002,1.1441626,1.1310268,1.1184007,1.0694475,1.186575,1.0493476,1.0376474,1.0033441,nan
3,1153,766710,68,51046,2.1045812,1.5414047,1.4104825,1.3103765,1.3866597,1.5316242,1.2597176,1.2511004,1.2696404,1.1997895,1.2877236,1.3339652,1.4166417,1.2717775,1.2053113,1.2375184,1.3518441,1.2354747,1.1849121,1.2580193,1.1484642,1.063364,1.2997586,1.244879,1.1867135,1.1451549,1.2125958,1.151714,1.2302299,1.2041894,nan
3,1158,1413426,45,140536,3.0498263,2.7019697,2.2480667,2.1383991,2.1784254,2.1910177,2.1224343,2.0463075,2.1613345,2.1989278,2.0521688,2.192781,2.0567968,2.110411,2.0659075,1.9815449,2.1438758,2.2315203,1.8064721,1.9603747,1.897597,2.0675858,2.1345957,2.0406176,2.2237322,2.1030696,2.1376553,2.0298666,1.965503,2.1682067,nan
3,117,1673151,33,224998,0.6142747,0.544125,0.517517,0.4914414,0.4725608,0.5132929,0.5454226,0.4605007,0.4990121,0.4855626,0.5039198,0.4938021,0.5557116,0.4634503,0.4666397,0.4779006,0.4807637,0.4657629,0.4596265,0.4528318,0.4536384,0.456088,0.467009,0.4438347,0.480674,0.4808177,0.4660891,0.5764098,0.6159244,0.4660526,nan
3,1170,178061,98,8416,0.5944041,0.3961195,0.366404,0.3855166,0.3854388,0.339905,0.3733455,0.3889541,0.347982,0.3575105,0.4277491,0.3642574,0.3610211,0.3120189,0.3498643,0.3572791,0.3387309,0.3114601,0.3434447,0.3543011,0.3184826,0.3254183,0.3483571,0.3117569,0.3244497,0.3614572,0.3146301,0.3327332,0.3471192,0.3332504,nan
3,1180,724368,53,61672,1.6589641,1.3642947,1.3199108,1.3173454,1.3363166,1.1406544,1.0841505,1.082146,1.1648991,1.141353,1.1586363,1.1869871,1.2362431,1.1283663,1.1893669,1.1979495,1.0975633,1.1713984,1.1707948,1.1114234,1.1225891,1.0964062,1.1375302,1.1033661,1.0590386,1.1458956,1.0493072,1.1542934,1.0922639,1.0377758,nan
3,1182,750614,72,47266,2.1677025,1.8049458,1.4825534,1.5202662,1.3506065,1.4516275,1.4060232,1.4794224,1.3938793,1.2380565,1.3450035,1.3342264,1.3040862,1.3985964,1.2879045,1.3455792,1.3783188,1.2913383,1.357603,1.2524128,1.259954,1.3578349,1.2251712,1.2835454,1.2865881,1.365787,1.3264393,1.2562977,1.2707818,1.1855346,nan
3,1200,1730722,15,491494,2.8665235,3.1805463,2.315016,2.392062,2.3729026,2.3078661,2.0736105,2.1962233,1.9739652,2.2142646,2.273088,2.1122831,2.1065149,2.0537252,2.3094627,1.8901473,2.0674447,2.1906539,2.0235626,2.1740297,2.4000501,2.5908612,2.0185538,2.1877954,2.1150793,2.1696746,2.0546247,2.2486589,1.9979943,2.0769765,nan
3,1207,1435089,61,105778,3.3736528,2.7778484,2.5791338,2.7664945,2.5006492,2.5195303,2.3250186,2.688987,2.1187531,2.671319,2.3700737,2.4687428,2.1390433,2.4579432,2.2740319,2.4196649,2.2367973,2.4634138,2.3361001,2.4049078,2.4364537,2.4412154,2.3813097,2.2216229,2.3586939,2.2872686,2.5509207,2.2895625,2.1731951,2.3140118,nan
3,1210,1014374,96,47926,1.6105496,1.2983187,1.1964139,1.1376332,1.0167603,1.0126728,1.0023705,1.0353662,1.0253796,1.0032709,1.2055078,1.136332,1.0400355,1.0551077,1.0217965,0.9703661,0.9962396,1.0238884,1.021187,1.0711298,1.016819,1.0206244,1.0113107,1.0609473,0.9650127,0.9704723,1.0558717,0.9650066,1.0735904,0.9392369,nan
3,122,1885809,25,330064,0.6585432,0.5555845,0.5066412,0.5429967,0.6564235,0.4872862,0.4910174,0.478546,0.5832052,0.6123194,0.4792135,0.4689411,0.4612227,0.4702973,0.6190161,0.4722802,0.4681857,0.4524811,0.4705537,0.4644014,0.4587833,0.4748562,0.462676,0.5924948,0.6190615,0.6561766,0.4731039,0.4659952,0.5882644,0.4618574,nan
3,1229,974895,81,54823,3.0806528,2.2713945,2.0423655,2.1260252,1.9497323,1.8654479,1.799599,2.0963436,1.8381126,1.7617156,2.0954231,1.9450684,1.8515338,1.7511715,1.9726015,1.7533957,1.9750012,1.9334819,1.9381987,1.9850058,1.7528106,1.9759427,2.0485683,1.8445311,1.7823809,1.9971967,1.8228244,1.8474493,1.7747845,1.8493766,nan
3,1251,273688,56,22186,0.7302283,0.5091582,0.5302143,0.560429,0.5160498,0.4182371,0.4972616,0.4479937,0.4890489,0.4419545,0.519696,0.4332157,0.4687546,0.4714498,0.441324,0.4340662,0.4504845,0.4369997,0.454275,0.4475839,0.4188094,0.4545604,0.4598523,0.4689157,0.4466891,0.4335861,0.4648274,0.4678567,0.4289688,0.4463643,nan
3,1265,1605243,68,106201,2.3156573,1.6246886,1.6355908,1.5315883,1.4240566,1.5083388,1.5475333,1.4706756,1.5295065,1.5052789,1.3763405,1.9094117,1.4058771,1.4826721,1.4918559,1.4127783,1.3676085,1.7854312,1.902654,1.4683889,1.5388958,1.385174,1.4110867,1.4416616,1.4899208,1.3755902,1.4032522,1.4395798,1.7349354,1.8840129,nan
3,128,93190,53,8134,0.1874643,0.0671389,0.0657394,0.065452,0.066605,0.0658079,0.0670618,0.0632703,0.0626318,0.0637767,0.0602137,0.0655192,0.0683161,0.0635679,0.061207,0.0617223,0.0628479,0.061792,0.0726836,0.0624451,0.0634228,0.0635624,0.0655707,0.0654809,0.063518,0.0377689,0.0589826,0.0627145,0.0635252,0.0582774,nan
3,1284,1373030,92,67669,4.4129755,3.4035315,2.9009747,2.9531984,2.5852436,2.9788109,2.6462599,2.8236468,2.8023369,2.7617327,2.8104696,2.406219,2.753655,2.6947448,2.715177,2.2039137,2.8161463,2.3679177,2.7950388,2.4132113,2.5987251,2.5668221,2.4533405,2.5605036,2.7894795,2.5662661,2.6336932,2.7932244,2.7178938,2.5268542,nan
3,1289,667461,84,35941,2.1484127,1.7026112,1.4928802,1.3240372,1.474154,1.3697694,1.346869,1.3118165,1.405114,1.371825,1.2135753,1.3422493,1.2148125,1.3393174,1.2255393,1.2856674,1.1582756,1.3242655,1.3086811,1.2991664,1.2017043,1.3020888,1.2370279,1.2872559,1.1967273,1.4059315,1.2028447,1.2569067,1.2093738,1.237764,nan
3,1294,1802839,62,130639,4.4676082,3.846202,3.6497544,3.1880992,3.197365,3.1990526,3.3375132,2.9084325,2.7844157,3.134968,3.1110938,3.4030937,3.7496822,3.1033635,3.1011801,3.2983336,2.7706559,3.1337129,2.864682,3.1675482,2.8107926,3.0674854,3.0999286,3.0885611,3.0996676,3.3713028,3.2931545,2.9953192,3.078596,2.7876863,nan
3,1302,866538,66,59443,1.2455212,0.8692036,0.9191516,0.863535,0.8010169,0.7735906,0.8427196,0.7716715,0.791257,0.7450309,0.7441625,0.7938409,0.7832,0.7726826,0.8226531,0.7787977,0.7762566,0.7794458,0.7987228,0.7536449,0.7553441,0.7986871,0.7617749,0.7550424,0.7281404,0.8246558,0.7683734,0.7439988,0.8101179,0.7975794,nan
3,1309,942382,46,91828,2.178493,1.813718,1.6881197,1.479347,1.5502169,1.6213039,1.5126069,1.6527281,1.3218978,1.4653006,1.5719608,1.4977721,1.5811406,1.4279119,1.5552877,1.372871,1.5384359,1.5662678,1.4602842,1.3904369,1.4361332,1.5616243,1.4168591,1.5892268,1.5797554,1.4083394,1.5479008,1.5685107,1.5161638,1.4452916,nan
3,1312,592312,80,33685,1.9453232,1.3792216,1.3811389,1.3677715,1.1447356,1.2149115,1.1364372,1.2567751,1.1086928,1.1730574,1.2503234,1.1126847,1.1421869,1.1049436,1.189443,1.1691756,1.0562431,1.0937673,1.2780068,1.180147,1.1162048,1.1466311,1.05137,1.0906822,1.1096132,1.0894627,1.1170085,1.0863992,1.135271,1.0494368,nan
3,132,1430136,36,176932,1.0180348,0.9534208,0.800986,0.8083267,0.7912165,0.7949631,0.8276688,0.7727459,0.7315942,0.7326779,0.7845436,0.7740441,0.7519874,0.7590205,0.7771045,0.8482078,0.7904914,0.8239659,0.7562873,0.7642117,0.8600924,0.7368334,0.7369496,0.7480751,0.8381201,0.7426788,0.7358136,0.9302472,0.9569152,0.7607225,nan
3,1325,1210361,20,267493,2.2704247,2.074965,1.836253,1.7455513,1.698761,1.6284533,1.7257159,1.6432857,1.6120938,1.6838699,1.6176235,1.7023614,1.4786835,1.6800461,1.708329,1.5969896,1.6994923,1.6726961,1.7498404,1.6916995,1.5959504,1.6032119,1.5781717,1.6705078,1.5701664,1.7794654,1.6706955,1.5205476,1.699769,1.5869226,nan
3,1328,1353777,65,93757,3.8190434,2.7071003,2.3739814,2.9113899,2.5126426,2.5146919,2.3602281,2.3933073,2.4830704,2.5366854,2.2514216,2.34759,2.3296411,2.4859853,2.4586034,2.3504017,2.4084826,2.2654071,2.4949652,2.4218179,2.4481537,2.2490387,2.4111678,2.2364482,2.3661338,2.4359405,2.4171974,2.3965415,2.3308796,2.4554374,nan
3,1331,661409,61,49231,1.8834812,1.4070561,1.3424001,1.2851749,1.1706044,1.10869,1.125022,1.1735817,1.1054453,1.1253221,1.1647926,1.1424834,1.0191654,1.1546043,1.2190438,1.0796951,1.2124339,1.1033236,1.0898627,1.1218315,1.1217538,1.1031377,1.1637183,1.2273399,0.9288343,1.0696423,1.0684775,1.1430076,1.0913657,1.036492,nan
3,1339,1283246,10,526519,1.1835777,1.3321946,1.0378335,0.9833624,1.0099629,1.0336373,0.9523818,0.9419255,0.9656435,0.9739853,0.9168088,0.9246759,0.9884358,0.9262051,1.0206135,1.0173631,0.9267767,1.022276,0.9167696,0.9471182,0.9244636,0.9216652,0.9099327,0.9821445,0.9858938,0.9382105,0.9685591,0.9228712,0.9364545,0.9937443,nan
3,1342,1633982,24,294976,1.7215508,1.5790642,1.3859304,1.3985131,1.3062533,1.2599703,1.2189813,1.2165646,1.1953555,1.294098,1.1576069,1.2180334,1.1659276,1.1534471,1.3067428,1.285059,1.2346943,1.1314268,1.2245098,1.1456452,1.1973504,1.2747652,1.2278857,1.2803397,1.1173407,1.1211358,1.1794242,1.2454466,1.2833233,1.1645207,nan
3,1353,683652,39,78667,0.7540951,0.5872781,0.5691768,0.5272688,0.5518089,0.5352534,0.4947717,0.5735362,0.5044109,0.5254272,0.5086719,0.5234229,0.5148696,0.5497953,0.5274084,0.5137721,0.5337425,0.5008665,0.5355874,0.5083703,0.5398045,0.5570264,0.511268,0.4986707,0.5281078,0.4840759,0.5403512,0.4991732,0.5190455,0.4848255,nan
3,1357,647150,66,44548,2.1747705,1.3870281,1.3740622,1.2031603,1.268657,1.211132,1.1009328,1.1934744,1.1345086,1.1581406,1.1877262,1.1831863,1.1232701,1.0693273,1.0253804,1.1415587,1.1547625,1.1299953,1.1025316,1.1043639,1.2271733,0.8869005,1.0831088,1.0769267,1.0967455,1.1310861,1.0897805,1.1279405,1.1721157,1.124414,nan
3,1365,885364,98,41293,2.8415516,2.3025055,2.1813436,1.9400259,2.0053599,1.8574002,1.9713536,1.7079944,1.896739,2.0434677,1.771429,1.6521468,1.8665091,1.6925187,1.5875788,1.9155339,1.5800855,1.6892866,1.8670502,1.8541543,1.9149358,1.94618,1.7668753,1.8972137,1.8624056,1.7016335,1.7937118,1.835275,1.7860281,1.893963,nan
3,1370,1776623,87,92152,6.0231948,4.3465458,3.6956725,3.863042,3.5779696,3.6603843,3.6777891,3.5625598,3.4364373,3.6128748,3.399775,3.5801382,3.8817855,3.2683988,3.667776,3.3600649,3.8145218,3.462884,3.8913674,3.5742013,3.3831611,4.1269381,3.479913,3.5250068,3.5643108,3.5003529,3.5322352,4.0164496,3.6245194,3.9993364,nan
3,1387,783662,82,43324,2.5015879,1.7912811,1.8038779,1.7992734,1.5298852,1.6748864,1.4915176,1.5959781,1.5373117,1.6201802,1.4410153,1.7084135,1.4345607,1.5068341,1.488433,1.4573287,1.337101,1.5396777,1.4985016,1.5184781,1.4383076,1.2454183,1.5634681,1.4644824,1.4665803,1.5143422,1.588649,1.4301967,1.4076852,1.4876972,nan
3,1416,695290,92,34546,2.4015267,1.6476076,1.621879,1.5767174,1.6691929,1.480384,1.6509285,1.3449152,1.5285514,1.3527842,1.480876,1.4815513,1.4940635,1.4841051,1.4022283,1.4810539,1.3935927,1.3315236,1.3602866,1.3277282,1.3983925,1.4756354,1.2700713,1.4235207,1.4636127,1.4013155,1.4167056,1.2344498,1.3200167,1.3678785,nan
3,1420,1616451,48,150673,4.2636484,3.3757948,3.0554948,2.7721252,2.8154119,2.8153862,2.732023,2.7432296,2.7504048,2.6017528,2.6821464,2.7384246,2.793881,2.6862342,2.7233348,2.6401496,2.5823239,2.9287463,2.4900615,2.8608924,2.5269731,2.5361665,2.8040612,2.4831006,2.7611883,2.5909949,2.5770406,2.6507088,2.5190672,2.8415147,nan
3,143,477671,33,64543,0.3395093,0.3125759,0.3059894,0.3156266,0.3001326,0.2986318,0.2946789,0.2633605,0.2895544,0.2718236,0.2804659,0.2993382,0.3092107,0.2772227,0.2944516,0.2632723,0.2675107,0.2682752,0.2644001,0.2830345,0.2736293,0.2703301,0.2577399,0.271174,0.256114,0.2684719,0.2727403,0.2410064,0.2705415,0.2671554,nan
3,1430,191687,78,11215,0.6374855,0.4605891,0.4037326,0.4019115,0.3828104,0.4045558,0.3885711,0.3703583,0.3873727,0.3979096,0.4002611,0.3946389,0.371586,0.3527091,0.3828649,0.3550926,0.3419354,0.3598035,0.385344,0.4019108,0.3945676,0.3709351,0.3619712,0.3450095,0.3405895,0.3689317,0.3322779,0.3128106,0.3711345,0.356179,nan
3,1433,714122,43,74833,1.9077121,1.3151152,1.2839687,1.2340809,1.2684365,1.2127028,1.1650901,1.1841124,1.2043821,1.1641108,1.1596596,1.0482801,1.2373774,1.2345498,1.1241522,1.1855695,1.2075982,1.1468708,1.0855996,1.1661706,1.0623634,1.130182,1.2148891,1.1625601,1.1289087,1.1031201,1.1204143,1.1307684,1.0201251,1.1367346,nan
3,1457,415047,21,86980,0.4509776,0.3749021,0.3345355,0.3204924,0.3228313,0.333166,0.3088052,0.3005093,0.3255082,0.3053394,0.3004222,0.3118292,0.3017279,0.3158432,0.2969985,0.2998621,0.3076187,0.2994262,0.3037295,0.3022947,0.3254228,0.2914479,0.2931625,0.3047234,0.2891392,0.3164421,0.3060037,0.3054319,0.2992195,0.2976838,nan
3,1465,1167183,49,107326,2.8546019,2.3816489,2.1410417,2.3247816,2.0829601,2.0508889,2.0777455,2.1395596,2.0790181,2.1542153,2.0726659,2.026286,2.020599,1.9603529,2.257568,2.1611097,2.0944011,2.0355019,2.0836274,1.9934112,2.093593,2.0117729,1.8912705,2.0027716,2.1467428,1.8652541,2.0387632,1.9014881,1.9483557,2.0270849,nan
3,1474,1516458,77,88909,4.9918112,3.4850246,3.1118886,2.9803197,3.3058899,2.9539114,2.9383729,3.1268338,2.7495414,2.6910999,2.885963,2.8410751,3.1088348,3.1531736,3.1535885,2.8813498,2.9930372,2.846531,2.4875325,2.8971489,2.9408568,2.9223392,2.9148473,2.8482784,3.0360918,2.8600632,2.9828274,2.9350321,3.03164,2.9825989,nan
3,149,1556799,57,122890,0.7649763,0.7225537,0.65531,0.6484254,0.6669965,0.64215,0.6295099,0.6120603,0.6249737,0.6134454,0.6156495,0.6117335,0.6131265,0.596775,0.5934944,0.7050164,0.6183531,0.6423704,0.6070899,0.5855791,0.6066061,0.6161394,0.6213245,0.6129427,0.6120346,0.6067694,0.5916784,0.5895072,0.5912632,0.5951755,nan
3,1492,544144,46,53464,0.7183391,0.5099046,0.5212095,0.4837372,0.5288022,0.4903065,0.4617454,0.4802601,0.4524514,0.4940921,0.4454587,0.435387,0.4489994,0.4322813,0.424983,0.4549483,0.4537586,0.4200506,0.4415638,0.4189702,0.4542292,0.4548727,0.4445418,0.4130151,0.3990816,0.4676539,0.4762544,0.4292744,0.455909,0.4670353,nan
3,1493,1540438,51,135229,4.3421013,2.9090003,2.913276,2.8494235,2.9849874,2.5629981,2.8165104,2.6697672,2.6417809,2.5560841,2.5206033,2.695679,2.5882757,2.7951433,2.6705124,2.6024726,2.5304963,2.6684549,2.7574733,2.8461417,2.8600256,2.7424329,2.625277,2.6268164,2.4920445,2.6289288,2.7092637,2.6672024,2.6125461,2.5418898,nan
3,1501,90560,49,8581,0.2693466,0.1873531,0.1732746,0.1753844,0.1776538,0.1765053,0.174468,0.1463368,0.1577828,0.1548676,0.1519732,0.1526695,0.1621796,0.1560369,0.157126,0.157575,0.1524547,0.1585741,0.1666704,0.1565233,0.1452895,0.1547453,0.1519637,0.1558883,0.15491,0.1522466,0.1547006,0.1550936,0.1489768,0.1431761,nan
3,1506,817565,40,91639,1.0283747,0.8166258,0.7339908,0.7478957,0.8133519,0.7081307,0.7750404,0.6801566,0.6958857,0.7131896,0.6427458,0.7384601,0.7447244,0.7155323,0.6869732,0.6722664,0.6664913,0.7270157,0.6567118,0.7272062,0.711828,0.6670828,0.6568921,0.7040051,0.6426048,0.7078653,0.6475641,0.6680006,0.6797096,0.6725782,nan
3,1515,775027,30,115105,1.7347171,1.3599483,1.2838945,1.2271984,1.2417071,1.2110389,1.1283606,1.2507885,1.2817686,1.2088598,1.176066,1.2423582,1.2036955,1.2730328,1.2716026,1.31732,1.1549522,1.2690242,1.1432514,1.2102851,1.1754004,1.2271951,1.3183995,1.2165967,1.2357903,1.1476801,1.2231484,1.1395487,1.1777226,1.2152221,nan
3,1530,168886,16,46957,0.363721,0.2862298,0.2852555,0.2688216,0.269265,0.2592783,0.1913136,0.2565807,0.2514768,0.2614223,0.278682,0.2666298,0.2401317,0.2646342,0.2583028,0.2594696,0.2384357,0.2557718,0.2606969,0.2487973,0.272959,0.305933,0.2772381,0.2604842,0.2639543,0.2533433,0.2639947,0.2686917,0.2658028,0.2744712,nan
3,155,594326,84,32125,0.5867907,0.5588637,0.5299212,0.5429697,0.5158413,0.5096791,0.4947221,0.4909992,0.5042176,0.5204633,0.5046979,0.4999336,0.5096652,0.5213847,0.4947019,0.4942111,0.5206495,0.4985349,0.510206,0.5076319,0.4325218,0.4980056,0.4787401,0.4841543,0.4710929,0.5035425,0.4990454,0.5082173,0.4788736,0.5155806,nan
3,1566,229783,16,62875,0.5599896,0.3795438,0.3750145,0.3198492,0.374032,0.3598358,0.3684189,0.3676332,0.359726,0.3555746,0.3777573,0.3473098,0.3469731,0.3307856,0.3656886,0.3761797,0.378599,0.401753,0.3636227,0.3584409,0.3598199,0.3587735,0.3354498,0.3533669,0.3556256,0.3561842,0.3495011,0.4090393,0.3451923,0.337434,nan
3,1567,980221,92,48295,3.4540948,2.5532775,2.3832242,2.223825,2.4397922,2.4892333,2.2201297,2.1984921,2.3529292,2.1356704,2.2373544,2.2738568,2.4269907,2.143299,2.1394847,2.1810519,2.0702253,2.0745974,1.9891538,2.2894561,2.2426036,2.0037456,2.1460406,2.0192018,2.3527744,2.0544082,2.2664602,2.1504569,2.0523046,2.0615753,nan
3,1578,418398,26,71872,0.9538032,0.7855086,0.6067009,0.6923983,0.600057,0.6720487,0.7045677,0.6344292,0.592759,0.6489254,0.5984339,0.6098074,0.6464504,0.5973242,0.6387868,0.610949,0.5708648,0.6163402,0.5741377,0.6157715,0.6425471,0.6724255,0.6550547,0.6264225,0.5892293,0.6676104,0.6370161,0.6441084,0.6475266,0.638874,nan
3,1598,1911089,37,229249,4.5360577,3.6024321,3.186563,3.1275554,3.0432145,3.2056959,3.0982948,3.1313147,3.1441428,3.1173827,3.0927125,3.0019719,3.1251844,2.9153161,3.1262597,3.1597803,2.890795,2.8870646,3.1766259,3.2114707,2.7902951,2.9533329,2.9309669,3.5735273,2.6556962,2.8291859,2.940026,3.211427,2.9974992,2.8621202,nan
3,1607,653029,86,34756,2.3090903,1.6794983,1.6281847,1.3920863,1.4970908,1.5300786,1.3600679,1.4389428,1.4762745,1.477125,1.44552,1.3158256,1.4436332,1.4162178,1.5082065,1.4561719,1.5555058,1.4771208,1.4102292,1.3650339,1.5527953,1.4129632,1.3605487,1.344288,1.3457538,1.317824,1.2882668,1.3144402,1.4737529,1.3861689,nan
3,1623,1947476,86,101974,6.3503949,4.5765206,3.9434804,4.377678,4.2047825,4.1692831,4.1992805,4.0521421,4.3777799,4.4782965,4.2781937,3.7987697,4.1677723,4.2678001,3.8379537,4.0185109,3.6924957,4.1766653,3.9646502,4.0967074,3.9473845,4.0990741,4.3496362,4.193898,4.0687417,4.1143606,4.1635339,4.0604082,4.0152958,4.2880324,nan
3,1645,68135,95,3310,0.145596,0.0993997,0.0904347,0.0857276,0.0818952,0.0781231,0.0860311,0.0876682,0.0887309,0.076868,0.074614,0.0804966,0.078139,0.0799752,0.0803605,0.0764059,0.0777912,0.0742637,0.0767642,0.0703028,0.0757552,0.0766654,0.0734119,0.0767035,0.0706366,0.0749973,0.08342,0.0771133,0.077563,0.0834372,nan
3,1650,1816291,80,102232,2.9329981,2.4295817,2.1611926,2.1319894,2.0008925,2.1192051,2.0805428,1.9526398,2.0295872,1.8687782,2.0689137,1.8730025,1.9758026,2.1950602,2.5722283,1.934059,1.9838293,2.0299978,2.0306933,1.7214672,1.9027965,1.9027073,2.519327,2.1198872,1.7903229,1.8367573,1.9781167,1.9711671,1.9521298,1.7798217,nan
3,1658,1110077,30,165391,1.350191,1.1458356,1.0438594,1.0454484,0.9656092,1.0119692,1.0171862,0.9500666,1.0080096,0.9435185,1.0174229,1.0504092,0.9411148,0.9553341,0.986731,0.9341342,0.936544,0.9236268,0.9202612,0.8881164,0.91917,0.859034,0.8598773,0.9321148,0.8771896,0.8926683,0.9241704,0.8804105,0.9409816,0.9594563,nan
3,1669,63314,41,7213,0.2066005,0.128026,0.139777,0.1235521,0.123433,0.1215349,0.1451384,0.1173456,0.1292933,0.1193651,0.1105727,0.11054,0.1139882,0.1116521,0.1147184,0.1148264,0.0987735,0.1299492,0.1093779,0.1166542,0.1134259,0.1158502,0.1144221,0.1087577,0.1023572,0.1147491,0.1148693,0.0788148,0.1133337,0.1156946,nan
3,167,642309,74,39529,0.344426,0.3327437,0.3303832,0.3277675,0.2975288,0.3020345,0.2912902,0.2980417,0.2908131,0.2752793,0.2788704,0.2933389,0.2768256,0.2840472,0.2824584,0.2876194,0.2837144,0.2829719,0.2768358,0.2917903,0.2771192,0.288969,0.2754128,0.2719375,0.2842578,0.273597,0.2874639,0.2904301,0.282113,0.2905252,nan
3,1673,898424,30,132811,2.1185114,1.6059365,1.6405336,1.476231,1.5238126,1.5378972,1.4405497,1.4385017,1.4437031,1.4524017,1.3621868,1.4934701,1.4668802,1.4023347,1.4087714,1.5275097,1.4041461,1.4916004,1.3996785,1.4482674,1.4778845,1.4514083,1.5226479,1.336876,1.3156005,1.4611014,1.374264,1.4588702,1.4935233,1.4796506,nan
3,1684,317898,90,16192,1.188767,0.8253701,0.7650899,0.7038701,0.6635174,0.7610645,0.6962486,0.7331602,0.7336681,0.6985269,0.682028,0.6734568,0.6753436,0.6871063,0.6837887,0.6479162,0.6841643,0.7379296,0.7310875,0.6921546,0.7074756,0.631671,0.6449499,0.6070281,0.5838694,0.6897453,0.7040426,0.5870057,0.6835258,0.6358609,nan
3,169,843758,98,39193,0.5068712,0.4833587,0.4212586,0.4491617,0.4410847,0.4508087,0.4328286,0.4556502,0.4497182,0.4586377,0.4474571,0.4431249,0.5103564,0.4284449,0.4356146,0.4434694,0.452073,0.4480081,0.4305843,0.4359809,0.4925751,0.4371449,0.4234636,0.4588855,0.4423111,0.45245,0.4321364,0.4391222,0.4265072,0.4228402,nan
3,1698,1664758,46,161572,2.3832627,1.7064231,1.6404148,1.6955303,1.5398121,1.5387048,1.5624383,1.5297584,1.5139388,1.4858266,1.5325606,1.8744753,1.4480048,1.6587454,1.528811,1.5456519,1.932155,1.8139427,1.4984992,1.6109594,1.563374,1.6348251,1.4460735,1.3985073,1.49419,1.3587612,1.3869568,1.6305922,1.4760719,1.4851096,nan
3,1699,582171,77,34342,1.8381001,1.3907183,1.4068258,1.3208676,1.1025801,1.2968255,1.2618707,1.181523,1.1604371,1.1507598,1.2092153,1.1237402,1.1686478,1.1656669,1.1608454,1.1871381,1.2630643,1.2733402,1.1495429,1.257561,1.159827,1.267778,1.1975435,1.1842106,1.1705115,1.2036923,1.1800954,1.2134629,1.1570626,1.1704519,nan
3,1705,1205144,12,425503,2.3865677,2.393637,1.7526981,1.7909696,1.8260378,1.9496887,1.7148166,1.8520619,1.8021615,1.7912222,1.8476629,1.7728815,1.7515206,1.7763269,1.8255284,1.8326038,1.9507759,1.6935814,1.8884167,1.8789236,1.9058974,1.7735981,1.7314614,1.7122196,1.8376008,1.7506685,1.8941665,1.8122843,1.7695963,1.7621267,nan
3,1724,1165293,14,358054,1.2321578,1.2296361,1.024498,0.9750275,1.0200757,0.9429791,0.9213362,0.895051,0.9957175,0.8981575,1.0015834,0.9717854,0.9532171,0.9557117,1.2262337,0.8854138,0.9781528,0.9225632,0.8747569,0.9017556,0.920189,0.9103971,0.8893225,0.8809225,0.9459943,1.0437806,1.1620317,0.9361866,0.9058384,0.9101001,nan
3,1726,1391724,31,200203,3.3679191,2.8140088,2.4416889,2.3267123,2.3849973,2.3520496,2.3585872,2.3335106,2.2574004,2.2034857,2.1789479,2.1610405,2.2944173,2.1872944,2.2920654,2.3235257,2.179748,2.1761809,2.3284913,2.1357732,2.3687212,2.1619865,2.2387425,2.4612234,2.3801596,2.2812707,2.2240724,2.3352794,2.2308129,2.3503799,nan
3,1727,551830,83,30355,2.1004379,1.3648225,1.3944706,1.1950837,1.1634691,1.2508113,1.1146452,1.2033242,1.2704333,1.1657906,1.2567039,1.0838731,1.1559217,1.1842689,1.0887082,1.1783968,1.1283636,1.0996737,1.1133473,1.0908357,1.1298206,1.1030546,1.1134271,0.9947104,1.2906076,1.045309,1.1227939,1.0699963,1.1672936,1.2390494,nan
3,1753,1466160,66,100057,4.4277217,3.6132479,3.4252459,2.8973228,3.406971,2.8554764,3.0351755,2.8028647,2.8244567,2.9521273,2.8370962,3.0319309,2.9150872,2.9552504,2.8387548,2.8209753,2.8996854,2.7914959,2.9501204,2.9185059,2.832005,2.5969763,2.93611,2.767286,2.5979833,2.4359794,2.8175322,2.895903,2.7918754,2.7362675,nan
3,1763,920902,19,207898,1.9532204,1.5343991,1.542332,1.549405,1.479693,1.4005054,1.5214276,1.4010301,1.1448392,1.4191191,1.3206076,1.4865777,1.2115963,1.4683889,1.338113,1.3980451,1.3908186,1.3820648,1.3059728,1.3371015,1.4114899,1.3814207,1.4795224,1.3534077,1.4467129,1.2429321,1.4138767,1.2612281,1.4423309,1.3457533,nan
3,1769,244175,85,13195,0.9917404,0.6567316,0.6090575,0.5761684,0.6057562,0.6219854,0.6043491,0.5820797,0.5828866,0.4977028,0.5601669,0.5467065,0.5388001,0.5130855,0.4903131,0.5472378,0.5601366,0.5160819,0.516422,0.5139926,0.487525,0.5214394,0.5592202,0.4837134,0.513356,0.5181123,0.4734789,0.5243165,0.5148923,0.5305748,nan
3,1775,1631697,15,454990,3.1995312,2.9034894,2.6402848,2.67147,2.4968998,2.5204947,2.6011209,2.3051137,2.3391753,2.6036113,2.3668698,2.3384867,2.5090049,2.5117559,2.48698,2.3030836,2.2696058,2.4440438,2.2476728,2.3321303,2.283095,2.2993154,2.4187087,2.302409,2.8389165,2.2703718,2.4630569,2.3333572,2.3277871,2.4522887,nan
3,1826,1129710,66,77287,1.8468637,1.3793758,1.2889817,1.2373094,1.3211853,1.159007,1.2795599,1.1751666,1.1700982,1.2489643,1.2299531,1.1589656,1.3013917,1.1505198,1.1425686,1.2958047,1.2203932,1.2939705,1.1739009,1.073069,1.2585237,1.2527658,1.2390279,1.1573084,1.1571916,1.2115405,1.1897788,1.1777956,1.1134185,1.1938012,nan
3,1839,1979729,11,718942,3.6389123,3.8726302,3.3027035,3.0034153,3.0318149,2.8551177,2.9617296,2.6702144,2.9076135,2.8965246,2.9265417,2.749456,2.8761786,3.0241434,2.9877381,2.9937196,2.9857787,3.0203094,2.8081828,2.9679523,2.8246934,2.8311245,2.9838339,2.7770646,2.6918103,2.924766,2.9139526,3.0484207,2.9806722,2.7271282,nan
3,1844,344802,73,21727,1.2369291,0.793837,0.7845794,0.7411145,0.8034771,0.7510269,0.7996583,0.6974467,0.7593443,0.7234947,0.6803586,0.7818595,0.718535,0.7997716,0.7253059,0.6816034,0.7104425,0.7206017,0.6701417,0.7208398,0.6688937,0.7621684,0.7190155,0.7477838,0.7667602,0.6664683,0.676349,0.7103007,0.6568659,0.753476,nan
3,1872,1775874,35,226057,2.516572,2.0632474,1.8581754,1.7257848,1.7788347,1.7349313,1.7407114,1.6356388,1.8156287,1.5992683,1.7695438,1.6384246,1.6410505,1.542014,1.705405,1.7594576,1.7611182,1.7093483,1.7329961,1.6934769,1.8095327,1.5404233,1.6540569,1.7406592,1.5915191,1.6245409,1.5388195,1.5263208,1.4907778,1.5971237,nan
3,1875,1475129,85,78520,5.2538553,4.2157256,3.7634758,3.6409089,3.4277683,3.4208027,3.3640912,3.2681734,3.559962,3.444918,3.2768993,3.4996043,3.4176787,3.1669075,3.3322632,3.4046011,3.6025532,3.3157598,3.4981271,3.1862289,3.1191588,3.4238429,3.1538442,3.3256953,3.4334937,3.2441511,3.1981511,3.1487173,3.4005699,3.4770716,nan
3,1882,1969092,71,124357,6.4068143,5.0460359,4.698323,4.0169327,4.1146527,4.487363,4.0522588,4.1209017,4.1125269,4.095771,3.8009787,3.902845,4.0980728,4.0881621,4.1244579,4.0942007,3.9088555,4.1053705,4.2291093,4.1580133,3.8321389,3.57653,4.2713565,4.0572041,3.8586494,3.9006595,3.7818891,3.8264638,3.8390671,4.351504,nan
3,1896,353665,66,24442,0.6185941,0.4594882,0.4242458,0.40277,0.3961344,0.3953542,0.4155066,0.364128,0.4078874,0.365256,0.3621865,0.3681027,0.3691948,0.3887456,0.3677946,0.3939735,0.3653275,0.3373903,0.3782822,0.389052,0.3658106,0.3958209,0.3694278,0.3912714,0.3745543,0.3826098,0.3608771,0.397043,0.3370098,0.3503634,nan
3,1898,1562112,24,285112,3.469088,3.0797762,2.7831105,2.5728721,2.7389515,2.5535743,2.4507949,2.5400531,2.7794778,2.5183564,2.6857479,2.5887524,2.6959102,2.3388072,2.6231058,2.6066021,2.5465776,2.6581258,2.6335638,2.4236046,2.6271504,2.4436385,2.5252344,2.4971866,2.5480121,2.4840668,2.413725,2.4867652,2.4090663,2.640606,nan
3,1898,1819312,34,237574,4.5543775,3.7986091,3.2826414,3.181483,3.2680362,3.0063744,3.2051038,3.0783598,2.8726908,3.0211172,2.9438164,2.9037019,3.1659733,3.0198883,3.0254433,3.0265647,2.9266539,2.8415137,2.7264749,3.1840594,3.0282411,3.1524838,3.1008021,3.058657,3.0223834,2.8629845,3.1152456,2.8429074,3.025735,3.0994669,nan
3,1916,302904,20,67180,0.3710068,0.3024045,0.2910048,0.2776461,0.2687696,0.2575898,0.2639358,0.2773535,0.2671283,0.257577,0.2833315,0.2679813,0.2701527,0.2651756,0.2444091,0.254342,0.2527295,0.2342757,0.2512878,0.2522415,0.2486946,0.2530531,0.2494368,0.2551291,0.249674,0.2430135,0.252973,0.2402538,0.2455174,0.2507891,nan
3,1917,280621,23,54427,0.7325256,0.5495619,0.528119,0.5104594,0.4939223,0.4868473,0.5004919,0.4900997,0.4828897,0.4953233,0.4979777,0.4862345,0.4990887,0.4793902,0.4132601,0.4961473,0.5141168,0.4386016,0.4722366,0.477905,0.4594778,0.4534908,0.4833516,0.4668572,0.4799626,0.4249884,0.4995778,0.4669133,0.4458936,0.4928272,nan
3,1931,1964280,12,657178,3.9025127,4.1986091,3.4295787,3.2352655,3.2533749,3.14207,3.0469352,3.0265622,2.9718679,3.2248608,2.9954333,2.9564767,2.9655049,3.1538849,3.522614,3.1046723,3.0306074,2.9846224,3.0031745,2.9090835,2.8666084,3.2873374,2.9284427,2.8440667,2.9232782,3.3922724,3.312473,3.3238651,3.6438088,2.9806783,nan
3,1949,1153008,21,242518,2.6335258,2.490279,2.1624738,1.9863895,1.9392131,1.8205895,1.9778647,1.8192902,1.8528437,2.0523714,1.9577646,1.9579875,1.75309,1.8695792,1.5785776,1.8893166,1.965565,1.8602358,1.7903384,1.7150229,1.8508096,1.8157245,1.7591347,1.7923612,1.7558656,1.8121205,1.9326888,1.6622412,1.8152137,1.8467766,nan
3,1954,1649893,69,107992,2.7561907,2.1495892,1.9343738,1.9851385,2.0011059,1.8466753,2.0383443,1.9534582,1.8490792,1.8104304,1.8964653,1.9624237,1.7305566,1.9753369,1.8192771,1.7817655,1.8024469,1.8793077,1.6948759,1.8403406,1.7838743,1.815755,1.6137484,1.7361963,1.7148439,1.7191517,1.8176285,1.8109063,2.1766105,1.7532472,nan
3,1969,986010,25,173653,2.1484525,1.7909778,1.7490644,1.6731781,1.7477058,1.7609663,1.6450753,1.7498267,1.662446,1.7381472,1.7932343,1.6200707,1.6044898,1.5887161,1.4433583,1.7453051,1.7897451,1.514826,1.7392336,1.5484533,1.7721394,1.700397,1.6291455,1.7372472,1.6258239,1.5923134,1.6684923,1.5850829,1.6854551,1.7415616,nan
3,1970,1852696,83,100714,6.7670149,5.1274786,4.3495865,4.8863932,4.4324163,4.1830325,3.6507692,4.5041364,4.0601866,4.0701698,4.1175055,4.3616801,4.5264191,4.2438607,4.158211,3.9745516,4.3782962,4.1544258,4.2432906,4.2667591,4.2853022,4.1918422,4.1575712,4.3056692,4.2495547,4.3412485,4.0261195,4.1247612,3.8948091,4.3217928,nan
3,1977,1295404,54,107881,4.1563821,3.2267192,2.9238922,2.8874177,2.5624733,2.4910238,2.4975885,2.5351075,2.5941692,2.4643562,2.688697,2.4834383,2.4641451,2.5867006,2.4878391,2.5139637,2.7778173,2.6423237,2.7096122,2.4004189,2.6401592,2.5166701,2.4670226,2.748216,2.6577401,2.5383905,2.4690025,2.6672557,2.3987304,2.5876156,nan
3,1983,1870700,20,400561,2.1155311,2.0790829,1.7234961,1.7701872,1.7481286,1.6365379,1.7192888,1.6179977,1.700686,1.7458193,1.6434661,2.0600012,1.4978397,1.803008,1.5454583,1.6832237,1.5684373,1.7443891,1.4943982,1.601633,1.6751506,1.8940834,2.1294364,1.5104302,1.6567078,1.6969055,1.5460753,1.5903022,1.5415908,1.6570915,nan
3,199,1190673,81,66529,1.3535303,1.2602865,1.2383534,1.1491329,1.155295,1.1285085,1.1672893,1.1284347,1.1321183,1.1655433,1.2307363,1.1000183,1.1072882,1.1241032,1.1014104,1.2483039,1.1630757,1.121808,1.1288742,1.1556806,1.0790888,1.1091163,1.1289194,1.0860917,1.0643772,1.1355462,1.1830009,1.0939676,1.1015883,1.0736752,nan
3,1991,949085,17,235417,1.2402987,1.0618071,0.9061333,0.8945553,0.8247487,0.8595792,0.9117137,0.8277808,0.8740062,0.8321718,0.837093,0.8473247,0.8492454,0.8237137,0.7579818,0.821247,0.8172452,0.8129555,0.8094658,0.8539708,0.8369384,0.8350373,0.8165569,0.7935923,0.7791542,0.7983334,0.8277732,0.7839658,0.7968626,0.8131716,nan
3,1993,522996,49,48226,0.854732,0.595798,0.5614309,0.5647085,0.5534506,0.5328355,0.5492618,0.529209,0.5388897,0.5183996,0.4873536,0.5397868,0.4995543,0.4967032,0.5347403,0.5282648,0.5448237,0.5217677,0.5288733,0.484261,0.4966616,0.5107542,0.5305011,0.5078367,0.5085553,0.5108061,0.475908,0.4885278,0.4970323,0.5342161,nan
3,1996,663790,29,102406,0.8710181,0.6406465,0.5994932,0.6005972,0.6226291,0.6129358,0.5931107,0.5731236,0.6155077,0.5704326,0.6022273,0.6035753,0.6023056,0.5648966,0.59191,0.6024315,0.556603,0.6190022,0.5874595,0.5882841,0.5534761,0.5646872,0.6318732,0.5927849,0.5953574,0.5809501,0.5829388,0.5537443,0.5768452,0.5414315,nan
3,1999,516437,61,38443,1.821907,1.2059965,1.0026325,1.0855237,1.0163755,1.0575399,1.033872,1.0398876,1.024081,1.0867699,1.0693058,0.7759144,1.0931604,1.063366,0.9938844,1.0860848,1.076404,0.9725899,1.0363743,1.0019996,0.7831514,1.0396927,1.0602563,1.0642173,1.0192305,1.0689336,1.0114349,0.8812052,1.0352001,1.0631172,nan
3,2004,1493171,55,122011,4.444202,3.6077811,3.1679265,3.0944698,3.0810594,3.0052688,3.2045172,3.0746465,2.8952079,2.9359398,2.9731655,3.0435142,3.0798517,2.9076719,3.2261398,3.1097927,2.8366769,3.0032783,2.960322,3.0405746,2.8520435,3.0231906,2.9771755,3.1139908,2.9562059,3.0624773,3.0147181,3.0734899,2.8781213,3.1767152,nan
3,2013,364406,36,45814,1.0148852,0.7881127,0.7025488,0.6856705,0.6778041,0.6989549,0.6935829,0.6771304,0.5423022,0.6291673,0.6958595,0.6402999,0.6406678,0.6786512,0.6582888,0.6508971,0.6598676,0.6895674,0.5007651,0.6524158,0.6590646,0.6471072,0.6834311,0.628187,0.6451903,0.6777637,0.6310166,0.6738618,0.6377137,0.5894611,nan
3,2040,680210,16,185236,1.5585927,1.3612676,1.1840476,1.1298231,1.1437634,1.1542789,1.1461938,1.1555139,1.140759,1.0502765,1.1144421,1.1844162,0.9583893,1.156349,1.1123999,1.0801499,1.183029,1.0951035,1.0553165,1.1360986,1.0866537,1.0920806,1.136457,1.0966155,1.1223007,1.0920431,1.1059352,1.1064269,1.1648872,1.016211,nan
3,2049,728743,69,48181,1.2995701,0.9361905,0.8249037,0.8119703,0.8583546,0.8630035,0.8266436,0.8360054,0.7985081,0.8360642,0.765926,0.7868011,0.8092845,0.8317114,0.8112315,0.824256,0.7893003,0.7315116,0.7680927,0.77226,0.7844498,0.8446798,0.7533027,0.7412649,0.8079942,0.7568796,0.7351224,0.7832234,0.7369367,0.8025164,nan
3,2062,468396,39,54022,1.4071156,1.0238142,0.9023223,0.9100489,0.8489459,0.8587537,0.8954896,0.8973151,0.8304717,0.9361133,0.7704699,0.8752753,0.858706,0.8947209,0.8256644,0.7993669,0.8145633,0.8227781,0.8477269,0.8292525,0.8515209,0.8057789,0.8462395,0.855908,0.8720872,0.8215174,0.815147,0.8129297,0.8967822,0.7935005,nan
3,2068,1771051,74,107683,6.5364826,4.3701071,4.146387,4.2415455,3.9102681,4.1573144,4.3712445,3.7029717,3.8525318,3.9560704,4.025346,4.0663957,3.8007877,3.8604745,3.7646289,4.1854585,3.9192382,3.8006568,3.8756274,3.9517303,4.1101357,3.960968,3.5676622,4.0801227,3.5180181,3.6484332,3.953337,3.9567243,3.9550803,3.8049449,nan
3,2085,1455963,50,130774,4.4603723,3.2631362,3.1796072,3.0371419,2.7609214,3.0091404,2.7904064,3.0083322,2.769986,2.8033585,2.8129964,2.8334904,2.8217062,2.8445757,2.7728883,2.9201039,2.8206664,2.8840909,2.6739544,2.8258482,2.6814198,2.8300178,2.985883,2.8314456,2.9002063,2.5988343,2.6283348,2.8903235,2.5848762,2.9800683,nan
3,2088,511902,89,26422,1.9524755,1.355378,1.2688141,1.2402378,1.1897997,1.1994414,1.2033068,1.2643535,1.2532706,1.1701281,1.1422128,1.237664,1.1273737,0.9574643,1.1500272,1.0393141,1.2540339,1.1048812,1.2223099,1.2413148,1.2009898,1.2180992,1.1245921,1.203269,1.2516115,1.166645,1.1247396,1.0784041,1.2064984,1.12918,nan
3,2112,1233190,56,99196,1.8797382,1.4514803,1.540478,1.3580709,1.3862494,1.4111554,1.3494684,1.3930135,1.3094016,1.2753965,1.2430553,1.3977632,1.2861577,1.3427665,1.4190842,1.394331,1.4505399,1.2584325,1.3213888,1.4038677,1.3170446,1.3360867,1.2621332,1.3721051,1.3769538,1.3514826,1.4203102,1.3521269,1.3216324,1.2740268,nan
3,2118,184209,100,8572,0.8660912,0.5852334,0.5587996,0.4403381,0.4698114,0.5285184,0.5099944,0.519415,0.5480267,0.5038991,0.5329508,0.5020441,0.5681443,0.5179457,0.4983561,0.4038315,0.5337522,0.5745031,0.54216,0.5057047,0.5498934,0.4241427,0.4953264,0.4763457,0.4914979,0.4047751,0.5049826,0.4363849,0.4648933,0.4490588,nan
3,2123,512713,75,31168,1.9378859,1.2657291,1.2933058,1.2251997,1.2675235,1.308627,1.2926932,1.2232406,1.2309884,1.2045847,1.3311837,1.2789351,1.2286913,1.249182,1.1529464,1.3302829,1.1981544,1.1262612,1.2163817,1.174617,1.1929759,1.3100911,1.1480698,1.2992455,1.106719,1.1789568,1.1756611,1.1589879,1.3189575,1.2027287,nan
3,2138,55202,31,8140,0.1866352,0.1278808,0.122282,0.1170179,0.122902,0.1131833,0.112998,0.1133054,0.1140958,0.1126509,0.1143392,0.1188743,0.1110289,0.1112937,0.1012771,0.1131221,0.1140894,0.117357,0.1119382,0.1017149,0.1084729,0.106348,0.1091913,0.0594622,0.0896645,0.1094626,0.1207907,0.106248,0.1077643,0.1116216,nan
3,2151,763337,47,73294,2.335028,1.8395503,1.6707901,1.6014133,1.6724405,1.6273079,1.5122697,1.544552,1.4928602,1.401527,1.5616989,1.5260894,1.5192726,1.5655746,1.4960464,1.5130027,1.5830642,1.4475688,1.6327423,1.4512458,1.4720462,1.5490302,1.4228034,1.4773831,1.5412728,1.4383648,1.5241963,1.4361634,1.4876216,1.387627,nan
3,2157,538671,84,29368,2.1821117,1.5265614,1.5631968,1.2304819,1.3221611,1.3285911,1.2746498,1.3216248,1.3523023,1.2664084,1.4422211,1.3743352,1.3495545,1.3703619,1.3947922,1.3823296,1.2639765,1.2472914,1.2756541,1.312347,1.3659777,1.3196693,1.1321293,1.3627114,1.2548541,1.3297104,1.1682288,1.363745,1.3532888,1.2736852,nan
3,2169,826886,11,310309,1.684382,1.9268342,1.4442797,1.5495192,1.5478372,1.5049557,1.3961073,1.5072831,1.4403099,1.4919594,1.4080931,1.4389945,1.543696,1.4656492,1.5351839,1.5198534,1.383213,1.4112924,1.4602143,1.4679713,1.4739208,1.331618,1.5503658,1.5175862,1.543665,1.4092009,1.5361572,1.4030108,1.4878269,1.447508,nan
3,2177,1736064,33,233785,4.4268187,3.6774994,3.433074,3.2997453,3.0952083,3.1047945,3.0497143,3.0800687,3.0894009,3.1513538,3.207531,3.0389584,3.0435581,3.0024374,3.1202384,3.3194219,3.1529647,3.0344794,2.9874256,2.9399663,3.0001145,3.0123573,3.0897488,2.9298489,3.2373703,3.0665525,3.1200555,3.3639337,3.0575382,3.1051753,nan
3,2184,1903806,45,188278,5.5049303,4.0256041,3.8441646,4.0915368,3.676843,3.7695638,3.8338482,3.1931914,3.5185783,3.9904887,3.7615873,3.4909813,3.7613359,3.7576502,3.5667261,3.5531624,3.3715567,3.7442115,3.8693233,3.6096127,3.4900751,3.6685909,3.5658719,3.5483145,3.9037153,3.2581702,3.4604313,3.4863766,3.5234533,3.5281954,nan
3,2192,1182349,23,227536,2.8050338,2.4093644,2.2458646,2.2370051,2.0131864,2.2354033,2.0126757,2.0092054,2.096129,1.9270732,2.113225,1.921015,2.0273079,1.9433235,2.0012426,1.9284432,2.0662021,1.9079067,2.0197466,2.0534109,1.9237248,2.0288531,1.9579972,1.9587607,1.9095175,2.0087054,1.9173496,2.061042,1.9292518,2.0024958,nan
3,2226,1650103,41,179995,5.0856583,3.7991602,3.4506424,3.2948207,3.2792013,3.2331776,3.1584663,3.2633841,3.1218297,3.0957345,3.326336,3.1666367,3.1668898,3.1364399,3.0062432,3.1388361,3.342235,3.0080185,3.2414235,3.1964075,3.0800527,3.1317024,3.269308,3.1867751,3.3914729,2.9894819,2.9988157,3.472792,2.9573066,2.9434979,nan
3,2245,697389,50,62932,2.2619489,1.6767676,1.5384775,1.5113278,1.4379656,1.5288483,1.4176223,1.3955159,1.4650994,1.4163734,1.0360711,1.440361,1.3804226,1.349071,1.3507745,1.4304293,1.4360574,1.479637,1.3908818,1.3908648,1.3805512,1.4915018,1.4150441,1.2956847,1.4742743,1.393368,1.4072501,1.3958899,1.3290016,1.3095066,nan
3,2259,309961,27,51466,0.8589507,0.5721029,0.5850933,0.5611012,0.5671484,0.5613333,0.5593694,0.5825173,0.5093008,0.5569158,0.5500183,0.5556152,0.576158,0.573747,0.5504236,0.5770323,0.5543708,0.5329754,0.5225811,0.571432,0.542917,0.5490268,0.572394,0.5606989,0.5979967,0.5564348,0.5669564,0.5592854,0.537314,0.548024,nan
3,2274,879717,85,46798,1.815488,1.1357989,1.2615756,1.0903132,1.1586407,1.0390253,1.0339066,1.0343668,1.1311188,1.0696083,1.1690389,1.1026953,1.0612493,1.1047432,1.0952391,1.0908253,1.1609571,1.0066095,1.0615799,1.0912953,1.0291932,1.0596396,1.0053557,1.090786,1.0531016,1.0434837,0.9820255,1.1004486,1.0695657,1.0690819,nan
3,2283,1189252,44,121294,1.8545213,1.4064329,1.2037194,1.2858065,1.2228317,1.2042244,1.2708008,1.1392989,1.2074294,1.1996285,1.2497106,1.1628483,1.1707301,1.2515785,1.1586576,1.1753021,1.2476875,1.5431339,1.1949074,1.1936,1.18062,1.3291503,1.3928137,1.4408372,1.1648293,1.2133475,1.1053537,1.1943894,1.1597305,1.2349625,nan
3,2286,133434,18,33295,0.363673,0.2737213,0.2770336,0.2774928,0.2106682,0.234651,0.2437255,0.2464053,0.236914,0.2424329,0.2484879,0.2546794,0.2384352,0.2471964,0.2356873,0.2344147,0.2692755,0.2605456,0.2350158,0.2405154,0.2390251,0.2371631,0.2381437,0.2369115,0.2404684,0.2319086,0.2451713,0.2311586,0.2505502,0.2446367,nan
3,2289,1757630,58,136489,5.4459042,4.2473439,4.1804786,3.8092864,3.8248742,3.7685499,4.0466512,3.8289445,3.7023338,4.100459,3.6961572,3.7986686,3.5725756,3.912775,3.808034,3.9862136,3.8622243,3.7893672,4.0622129,4.1447865,3.6420865,3.7690693,3.7027265,3.7820913,3.7137507,4.0789634,3.5408041,3.6107443,3.8241441,3.727719,nan
3,2289,1773789,55,144562,2.8317738,2.0332326,2.2625526,2.2344006,1.9797633,1.9050319,2.3882469,1.9022798,2.1137356,1.9256219,1.8912253,1.9299241,1.971854,1.9466406,2.0073043,2.4595153,1.9671551,1.8101936,1.8695799,1.912036,1.9905891,1.9344865,2.0172321,1.8533276,1.7385935,1.8344854,2.0161797,2.3519132,1.8757169,1.7508752,nan
3,2295,1497871,87,77755,3.2248617,2.2331793,1.9989355,2.1638603,1.9954905,2.5057206,1.7904179,1.96758,2.0157549,1.9935139,1.8268193,1.8008028,1.9180516,2.0697535,2.2412047,2.4605313,1.9529494,1.8131121,1.9984376,1.9076509,1.8711004,1.9672348,2.1443192,1.8634731,1.9307425,2.0645001,1.8909315,1.8847294,1.8889321,1.912986,nan
3,230,1400002,46,136435,0.8446654,0.6664878,0.6742432,0.6776632,0.664484,0.6826505,0.6473827,0.6339127,0.6497114,0.7606533,0.6294294,0.60009,0.6113119,0.6192557,0.7981208,0.835403,0.5988523,0.6571452,0.6049519,0.6210366,0.5959268,0.687004,0.7839926,0.6060714,0.5986472,0.6028107,0.5917436,0.6363133,0.6094964,0.5842971,nan
3,2304,786136,82,43669,3.2070791,2.4008786,2.1088804,2.0619373,2.1524995,1.9969946,1.9893867,2.0589173,1.9483052,2.0102072,1.9981406,2.0493322,1.9795212,1.860771,1.9268971,1.8163861,1.834684,1.9802252,1.856021,1.8082117,2.0541317,1.7806351,1.7632267,1.8457034,1.9249987,1.8025247,1.8449935,1.8419316,1.7983729,1.7587607,nan
3,2313,1666031,87,86554,3.1641063,2.5693138,2.2774214,2.2460113,2.2005482,1.9958124,2.182158,2.1989434,2.0208418,2.273082,2.1901962,2.2782219,2.0830393,1.9099493,2.1600276,2.249951,2.0183048,2.1134693,2.0054878,1.9974523,2.0776619,1.9517092,1.9709595,2.0107454,2.0195296,2.2311558,2.0905135,2.2322615,2.0166517,2.1310251,nan
3,2323,1615096,62,117205,5.350156,4.2358598,3.4633814,3.7919012,3.6316562,3.4744352,3.6875845,3.8821221,3.6736451,3.7075407,3.7295512,3.9194397,3.542158,3.5102217,3.6573416,3.4753388,3.4493391,3.4263027,3.5514321,3.8724047,3.3895341,3.5526028,3.6680766,3.5191153,3.487941,3.5596678,3.6029302,3.3801825,3.3542107,3.791229,nan
3,2328,211494,18,52135,0.601403,0.4417068,0.4243471,0.3618756,0.4198579,0.4193224,0.4123918,0.4004403,0.3834029,0.3923353,0.3904029,0.3925104,0.4011075,0.4023738,0.4045702,0.419381,0.4217318,0.3923902,0.4008593,0.4050177,0.4151307,0.4260256,0.3929966,0.4112151,0.3879143,0.3921238,0.4026951,0.4020041,0.4029054,0.4193258,nan
3,2344,605020,86,32128,1.239635,0.8927546,0.8326319,0.8640245,0.8216666,0.8235475,0.7178291,1.0070934,0.9229112,0.8606854,0.9342692,0.8410116,0.7583571,0.8224134,0.7736507,0.7787111,0.7527367,0.7942774,0.7824561,0.7753251,0.7843358,0.7429195,0.7769395,0.8052363,0.7530355,0.7907875,0.7337095,0.7936037,0.7934074,0.7651209,nan
3,2348,1137689,66,77773,2.1989794,1.6302696,1.5759109,1.525473,1.4749341,1.4308461,1.4159228,1.4419693,1.400542,1.4679495,1.4849026,1.3953964,1.3543442,1.320833,1.4090897,1.3616173,1.3246722,1.3310457,1.3642565,1.4090293,1.2689132,1.3670344,1.3832371,1.3443488,1.4069582,1.3861178,1.4583526,1.4416128,1.3333528,1.3737779,nan
3,2377,149609,96,7279,0.3866028,0.2293066,0.2137035,0.2392438,0.2272163,0.2064057,0.2150195,0.2072178,0.2115857,0.2018001,0.1993292,0.2015626,0.1975543,0.1995648,0.2080458,0.188836,0.2044497,0.1939116,0.1822584,0.1956263,0.1861241,0.1811317,0.1943705,0.1862978,0.1807639,0.1798713,0.1845453,0.1993561,0.1879779,0.1827876,nan
3,239,1374941,81,76816,1.4848808,1.6793453,1.5245488,1.4902259,1.4918033,1.4817387,1.5049448,1.5360093,1.6202778,1.4515366,1.4226866,1.5929746,1.4062431,1.4459586,1.669156,1.4241797,1.4516838,1.5831275,1.3635279,1.3999001,1.6003316,1.3910356,1.4000602,1.4893679,1.423098,1.4766954,1.4465532,1.4519443,1.4860255,1.3750723,nan
3,2407,1203467,12,426025,1.4303186,1.4870311,1.1895743,1.1503577,1.1162168,1.1133519,1.1513378,1.1031508,1.1209701,1.1339071,1.0697554,1.1299219,1.13134,1.0291925,1.0996658,1.111385,1.0597897,1.1265825,1.0474312,1.112631,1.3364744,1.4185889,1.090368,1.0996955,1.0088828,1.0899243,1.0064552,1.0369446,1.1406635,1.117636,nan
3,2414,1069704,29,164836,2.7723571,2.2272244,2.0794982,2.1310271,2.2128799,1.9925708,2.0217837,2.0628702,1.8635329,1.9491158,1.9239481,1.8414688,1.984664,1.861621,1.9870768,1.9539972,1.8147968,2.0129343,1.9032041,1.7777798,1.9698463,1.8440456,1.9513623,1.9366617,1.8047409,2.0167224,1.9630289,1.8781915,1.8157487,1.8411112,nan
3,2417,1781347,15,500599,4.2560828,3.7372378,3.3632948,3.0761709,2.9787977,3.2126362,3.2289959,3.0120651,2.9937559,2.7645819,2.9934266,3.5307388,3.0086417,3.1185659,3.18942,3.0284577,2.9677243,3.1720576,2.965938,3.1452475,2.9290848,2.8885134,3.1488061,2.961563,2.9546184,2.9773341,3.3396533,3.7716463,2.9632918,3.0539267,nan
3,2417,231666,87,12193,1.0546383,0.7032221,0.7263992,0.6716814,0.6238622,0.7192916,0.578462,0.5956742,0.6304749,0.5997962,0.6299262,0.4958296,0.6396528,0.5467455,0.6121308,0.6274739,0.6262263,0.6091093,0.5636445,0.6350432,0.5950739,0.5652289,0.5541264,0.5807675,0.6262168,0.5229072,0.6044943,0.5969469,0.6193431,0.5470713,nan
3,2437,1959171,92,96211,7.8260127,6.0091736,5.2529454,5.088162,5.2617921,4.8409996,5.0635648,4.9595929,4.9469616,4.8573555,4.8974525,5.0336517,5.0173656,5.1338539,5.0278267,5.3010872,4.5703747,4.8683064,5.0638268,4.8640635,4.8854993,4.3659033,4.6891952,4.8443468,5.1544562,4.8111175,4.9208121,4.8414604,4.6765455,5.2570723,nan
3,2437,833074,28,132526,2.281533,1.7085913,1.7201642,1.6268727,1.5341515,1.6247299,1.6862571,1.6752751,1.5450506,1.5869397,1.619734,1.6241055,1.6186056,1.6191803,1.5767287,1.6823994,1.5305903,1.4883822,1.5578306,1.552467,1.52695,1.551032,1.6041465,1.5812011,1.741221,1.6786094,1.4788659,1.572496,1.5533834,1.4846652,nan
3,2442,1924093,82,105649,3.8481426,3.0006867,2.8329405,2.7327136,2.6616331,2.4345152,2.6313343,2.4814415,2.5291264,2.3428097,2.3214751,2.6758529,2.4537747,2.7540516,2.9193331,2.5472707,2.4815851,2.4594395,2.1941273,2.2788689,2.4547971,2.4104529,2.4159439,2.3333279,2.3172492,2.3678984,2.5648677,2.4238512,2.462726,2.4444081,nan
3,2452,787808,71,50233,3.0289292,2.0258722,1.8609812,1.8651498,1.9046683,1.8081171,1.8332187,1.8856104,1.8227221,1.7375031,1.6705475,1.8617393,1.6345005,1.7798272,1.8156023,1.7503132,1.8744855,1.7380867,1.6670112,1.8026263,1.8285534,1.9944066,1.7126241,1.8496522,1.7869478,1.8946051,1.7689413,1.7481939,1.6953573,1.8927684,nan
3,2465,218721,33,29878,0.6799891,0.4872562,0.4258325,0.4360367,0.4783794,0.4340176,0.4275356,0.4438825,0.4126478,0.4436485,0.4392238,0.4421783,0.4372023,0.4424018,0.4336478,0.3611932,0.4260411,0.4403434,0.4345843,0.4380504,0.4213775,0.4221803,0.4593083,0.4229515,0.4192496,0.4298725,0.4220756,0.441851,0.427163,0.4347259,nan
3,2467,1032251,96,48904,4.5957546,3.0256943,3.0189426,2.5194372,2.5893066,2.8992916,2.9077873,2.6700379,2.7547589,2.4913029,2.7474285,2.6261854,2.6405499,2.6932537,2.6171771,2.8157353,2.56333,2.623358,2.7370894,2.4339222,2.5710267,2.5406917,2.4145603,2.6885799,2.2930733,2.4897596,2.5695849,2.5682894,2.6170941,2.7362578,nan
3,2492,1563185,87,81094,6.5336627,4.6794337,4.2409137,4.2881662,3.9979161,4.0197834,4.0711344,3.9001107,4.1726818,4.1651607,4.1212372,4.161898,3.7536659,4.0512956,3.874598,4.0703459,3.9770876,4.0111979,4.0804453,4.1704019,4.2083054,4.1732819,4.013571,3.5557176,3.8174537,4.0966665,3.7762719,3.9457283,3.8234958,3.5754263,nan
3,250,1068791,50,96028,1.1995124,1.0606187,0.9592009,0.9524542,0.917605,0.9058813,0.9069508,0.9037674,0.9092583,0.9029225,0.9185089,0.9975315,0.8835312,0.9804544,0.9765534,0.947598,0.9117024,0.929616,0.9587035,1.0801811,0.9319054,1.0280163,0.9060013,0.9204221,0.8685695,0.8941473,0.9272919,1.0169835,0.8868482,0.9636931,nan
3,2507,1331157,75,80200,5.2861011,3.9774303,3.4678344,3.6971067,3.2735858,3.5442258,3.2098607,3.3458287,3.1109318,3.3093316,3.1809427,3.3246741,3.1518044,3.1796461,3.3051179,3.2262955,3.283684,3.1821494,3.2645173,3.4823456,3.188752,3.2160145,3.1399772,3.1257327,3.4377438,3.2450928,3.3694028,3.3723054,3.4355762,3.2379669,nan
3,2510,759556,65,52942,1.3329951,1.0274803,0.9226673,0.8750329,0.9436679,0.9178037,0.9064262,0.9345029,0.9116018,0.9000203,0.8953404,0.8381732,0.8521967,0.8290156,0.8428267,0.9121486,0.915169,0.8804058,0.8187745,0.840635,0.9212535,0.8640995,0.867914,0.851647,0.839667,0.8987141,0.8306818,0.7687349,0.8298467,0.8229047,nan
3,2513,654938,56,52711,2.3585174,1.6940596,1.6251685,1.5701645,1.4300935,1.3062601,1.3575716,1.488409,1.4744954,1.420178,1.4063919,1.4743793,1.4869684,1.5093975,1.4076135,1.4466324,1.2929871,1.4253483,1.508807,1.409729,1.3846386,1.4584727,1.273352,1.3736988,1.3645132,1.4508888,1.3767327,1.3942184,1.3910084,1.3977474,nan
3,2520,1105788,66,75613,2.1766549,1.4928035,1.4217599,1.4278622,1.4033882,1.3784471,1.4116245,1.3556654,1.3597673,1.369968,1.3356479,1.408763,1.3783883,1.3647748,1.3819997,1.3237491,1.3542796,1.372144,1.2848207,1.3887171,1.2936859,1.33242,1.3865652,1.3097497,1.477376,1.3578505,1.3893279,1.2898187,1.3568758,1.3536526,nan
3,2525,158946,72,10264,0.3486956,0.2312498,0.2204905,0.2097802,0.2052998,0.220366,0.2076584,0.2075123,0.2111419,0.2041664,0.2106128,0.206116,0.2018412,0.2076364,0.2054158,0.2152057,0.2059475,0.2051932,0.2051512,0.201186,0.1781876,0.1766355,0.1866079,0.1776691,0.1844988,0.1894906,0.1982851,0.1907838,0.1866171,0.1760358,nan
3,2548,179834,23,35026,0.2897624,0.2100661,0.2003828,0.1884731,0.1940016,0.1888455,0.1902546,0.1892166,0.1555357,0.1731313,0.1724048,0.1794372,0.166252,0.1792003,0.1739457,0.1798948,0.182713,0.1788094,0.1752003,0.1801458,0.1703294,0.1737791,0.1726154,0.1772286,0.1720723,0.1689797,0.1791309,0.1682472,0.174205,0.1819893,nan
3,2554,1677661,17,424180,3.9271866,3.6051932,2.9882895,2.9273631,2.8728299,2.9120672,3.0687109,2.882808,3.2179827,3.0870231,2.964941,2.7880795,3.0063729,2.7981338,2.8892723,3.0296488,2.8392712,2.8663969,2.8931555,2.97594,3.0355485,3.2016027,2.9038866,2.9493522,2.8982082,2.9098208,2.802287,3.0523931,2.95142,2.9091956,nan
3,2582,719062,93,35200,3.0372372,2.3981199,2.1045558,2.2108706,1.9174339,2.0289119,1.9444801,1.9075631,2.1551595,2.0208482,1.9555813,1.7657063,1.9875231,1.7231579,1.7626031,1.7535478,1.8049608,1.9216965,1.9762863,1.7726445,1.7762577,1.8539842,1.9101094,1.8198141,1.6947785,1.7813406,1.8308375,1.8051109,1.934744,1.7982463,nan
3,2598,42615,16,11839,0.1468451,0.0969517,0.0939222,0.0969446,0.0954974,0.0973216,0.1132652,0.093408,0.0633768,0.0567595,0.0952643,0.0952176,0.0943316,0.0944012,0.0965958,0.0977276,0.0962383,0.0954746,0.0926515,0.0952304,0.0940378,0.0945081,0.1119843,0.0958967,0.0938921,0.0942524,0.0924941,0.096184,0.0967362,0.0932485,nan
3,2599,113814,87,6037,0.2900312,0.1724105,0.158169,0.1616183,0.1565864,0.1509658,0.1536456,0.1431039,0.1520907,0.1553201,0.1519223,0.1478852,0.1508954,0.1537091,0.1545869,0.1516235,0.1465149,0.1495882,0.14808,0.1468744,0.1492558,0.1442057,0.1418865,0.1576354,0.1556562,0.1441844,0.1537264,0.1418527,0.1559252,0.1470576,nan
3,2607,209666,78,12517,0.8912739,0.6034773,0.5901424,0.5954788,0.5271303,0.5535842,0.5241742,0.537392,0.5142376,0.5420261,0.5351619,0.5175528,0.5088203,0.5115707,0.5569013,0.5224228,0.5195882,0.5064744,0.5192666,0.5182313,0.5242795,0.442715,0.5106003,0.5377048,0.5153454,0.5084927,0.5324396,0.510225,0.5072751,0.5281845,nan
3,2616,1340576,41,146710,4.0471315,3.2114045,2.8512186,2.8905125,2.9149818,2.7945128,2.8702565,2.765375,2.8078356,2.5968983,2.6640283,2.6999926,2.7930772,2.8618472,2.7300271,2.7790769,2.8077172,2.6103689,3.0237563,2.8607984,2.7478163,2.8345323,2.6531352,2.7360968,2.7189252,2.8243859,2.6554803,2.8912281,2.6275833,2.9442655,nan
3,2628,1935839,98,89275,8.5903433,6.2262758,5.8142593,5.6023538,5.8787132,5.3284395,5.4608863,5.3777176,5.6442778,5.3026026,5.20657,5.2490598,5.0107889,4.8485889,5.1683084,5.4442769,5.2685733,4.8911771,5.2810944,5.502869,5.1100951,4.9011667,5.2659418,5.3332635,5.0921655,5.1830603,5.0858199,5.341757,4.945247,4.8038425,nan
3,2629,1255773,97,58864,2.7046519,2.0870354,1.8761625,1.7896546,1.8451976,1.839692,1.891378,1.7766389,1.7177266,1.6523801,1.7218343,1.7672488,1.7667465,1.8389616,1.7154871,1.673683,1.626508,1.6400876,1.6472016,1.6931878,1.6484089,1.6854321,1.6826535,1.7401087,1.7687788,1.6869544,1.6004133,1.7895923,1.7433756,1.772954,nan
3,2629,491635,14,149470,1.364071,1.1467117,1.030929,1.0162263,0.9774234,0.933947,1.0045312,0.9818132,0.9541778,0.9482958,1.0025512,0.9546537,0.968829,0.9936251,0.955855,0.9473498,0.977153,0.9465442,0.8233419,0.9745462,0.9821216,0.8950855,0.9435948,1.0037413,0.9559945,0.8083987,0.9632889,0.8877704,0.9850122,0.8907512,nan
3,2634,526410,65,36799,1.894938,1.4940716,1.4605142,1.4215909,1.3226164,1.2901498,1.3192991,1.2788481,1.3319585,1.2662095,1.2676618,1.323374,1.2763268,1.2657355,1.2706604,1.2515817,1.3189519,1.2469196,1.245266,1.2693681,1.2469205,1.2400944,1.2789428,1.2688846,1.2064645,1.1892565,1.2806394,1.3839318,1.2679009,1.2726209,nan
3,2636,463746,62,34003,1.8179662,1.0033234,1.1193093,1.2041696,1.100172,1.1260769,1.1209109,1.1006424,1.0080904,1.0474831,1.0859172,1.0713302,1.0410121,1.1346059,1.1213533,1.0242208,1.0381449,1.1195641,1.0889977,1.0655776,0.9985033,1.0395898,0.9852438,0.8054159,1.0593389,1.0709583,1.0642718,0.9762927,1.0971949,0.9898867,nan
3,2639,660014,23,127873,1.747401,1.3821469,1.2125909,1.275134,1.1985466,1.2381108,1.2237166,1.2006967,1.1502765,1.2099803,1.1383989,1.1884661,1.218589,1.1512997,1.2001071,1.1961993,1.1969314,1.1338068,1.2175812,1.1136556,1.0746134,1.2007618,1.2135587,1.0933832,1.2062392,1.1991818,0.8978598,1.1415847,1.0667314,1.220448,nan
3,2642,930589,52,80743,3.4806356,2.0498772,2.222088,2.1579753,1.9427258,2.1838826,2.1561209,2.0642513,2.0756573,1.9337061,2.0043722,2.1234085,2.0627351,1.9218283,2.0490635,1.9876817,1.9500013,2.0751269,1.9154866,2.2362425,2.0495508,2.0443343,1.9031049,1.9174659,1.7007016,1.9442978,1.9362522,2.0267049,2.1625497,1.9489093,nan
3,2653,1647106,56,132274,2.8418666,2.2057678,1.9265589,1.8993692,1.9569463,1.9084738,2.0139871,2.0050185,1.9104731,1.8108441,1.8085651,2.3619755,1.897877,1.9395049,1.880487,1.8914017,1.7619624,1.919191,1.8392252,2.2607333,2.3185035,1.8058084,1.8536285,1.7321022,2.0255134,1.8358625,1.7855822,1.8675011,1.941969,2.1545094,nan
3,2658,470995,95,22747,2.2485337,1.3920132,1.4413875,1.3534065,1.2652663,1.3586192,1.2934602,1.4047503,1.3768054,1.1869461,1.3294017,1.2135868,1.424828,1.2821284,1.4104979,1.2747948,1.3542251,1.2830418,1.219049,1.2694072,1.223087,1.3345676,1.2720509,1.1808214,1.3338461,1.2278257,1.2887365,1.2838854,1.2834511,1.1932369,nan
3,2679,862049,48,80899,1.5524091,1.029475,0.9920473,0.9925242,0.9214021,0.9565069,1.0531073,0.9980097,0.915802,0.852875,1.0163484,0.9997369,0.9292064,0.9427926,0.9843767,0.9749882,0.9524791,0.9510635,0.9610544,0.8754933,0.9618255,1.002057,0.9954511,0.9066239,0.9575353,0.9885842,0.927383,0.9472547,0.9493769,0.8661293,nan
3,2683,1733769,65,119848,6.7605716,4.5938748,4.6680382,4.2734071,4.2184069,4.483886,4.2975098,4.0801076,4.1363982,4.0630635,4.1482977,4.3263534,4.3829978,4.6414592,4.0501591,4.0491841,4.0711399,3.9937025,4.1779013,4.0720133,4.1092634,4.0167177,4.4480734,4.340133,3.9540587,3.8310146,4.2707878,4.0468383,3.7776002,4.2035902,nan
3,2685,976336,52,84349,3.1210085,2.4816841,2.2280304,2.1968481,2.2432451,2.1586716,2.3035689,2.1282851,2.1001771,2.0649674,2.1318777,2.1994416,2.1830078,2.2193116,2.2593018,2.1008083,2.1631461,2.0210943,2.1674314,2.0345798,2.2581712,2.1088,2.2148525,2.0426045,2.2822162,2.1156456,2.1678603,2.1934992,2.2273664,2.1426649,nan
3,2697,370325,16,101794,1.101605,0.8546285,0.7988931,0.823882,0.7793169,0.6962637,0.7187545,0.7136482,0.6976348,0.7493833,0.7171611,0.7246313,0.7551838,0.7466994,0.6997344,0.7181588,0.6546403,0.7383667,0.7511109,0.7131928,0.6673634,0.7391136,0.7240452,0.6979753,0.7117106,0.7075759,0.7142133,0.7474718,0.7339833,0.725726,nan
3,2705,119346,43,12763,0.2325094,0.1486655,0.1526824,0.1574068,0.154226,0.1546277,0.1587149,0.1490188,0.1454116,0.1425705,0.137968,0.1415521,0.1472232,0.1378282,0.1234184,0.1349736,0.1316657,0.1387762,0.133003,0.1405997,0.1297118,0.1338264,0.1389248,0.1297038,0.1308316,0.1329515,0.1321397,0.135236,0.125312,0.1346589,nan
3,2708,1331981,16,357076,1.8072872,1.5914134,1.393409,1.2751236,1.2513737,1.3644213,1.286149,1.2388997,1.3183263,1.1799079,1.1918857,1.2022929,1.3185156,1.2647896,1.2839863,1.1807209,1.2815402,1.1987223,1.2777617,1.5209401,1.6233369,1.1693128,1.2614265,1.1619935,1.2581208,1.2291541,1.6289601,1.3770102,1.2663403,1.2584556,nan
3,2711,1414521,53,119953,5.0188829,3.2486498,3.2183013,3.1852482,3.1933565,3.2381368,3.158376,3.1017996,3.0279654,3.1267812,3.0170783,3.1379885,3.1224607,2.9612645,3.043846,3.1754626,3.0687362,2.9147461,3.0427485,3.2294425,3.0463332,2.8648545,3.1059061,3.0755647,2.9418573,2.9364744,3.11719,3.0439951,2.9241677,2.8424587,nan
3,2712,669389,57,53161,2.4579894,1.6182965,1.5994406,1.644521,1.4906819,1.6466493,1.5301333,1.565947,1.5096635,1.5249797,1.6314054,1.3843805,1.5297717,1.6140099,1.518103,1.5002319,1.5937458,1.5004995,1.6076002,1.4768045,1.4833676,1.5569766,1.5773295,1.4756178,1.5915407,1.4846203,1.4054629,1.5661505,1.4755638,1.4658896,nan
3,2727,342616,69,22660,1.498285,1.0593607,0.9851441,0.9502395,0.9177447,0.9083224,0.8989821,0.8600609,0.946519,0.9234741,0.8788836,0.8393381,0.8204,0.8550494,0.8374455,0.9418725,0.8828118,0.8694232,0.8181257,0.8462548,0.8598792,0.8837133,0.863854,0.8593988,0.8930824,0.8248213,0.826107,0.8575093,0.8268667,0.7614753,nan
3,2729,915521,62,66664,3.5400119,2.6374911,2.3893526,2.4224913,2.3492511,2.365738,2.3170755,2.2549262,2.4141751,2.2447421,2.2734731,2.1551476,2.1547885,2.3104461,2.3828387,2.2272463,2.1848922,2.2162115,2.3695628,2.3793759,2.2682336,2.3705857,2.1483922,2.2847793,2.0449409,2.282595,2.208276,1.9899443,2.2343413,2.2930027,nan
3,2733,1550709,57,122167,5.7737418,4.2794245,3.7935562,3.8399002,3.6230763,3.8803378,3.6046389,3.8334859,3.66478,3.5731732,3.7681782,3.3688001,3.5007512,3.3852263,3.5923103,3.3827097,3.7858691,3.4002856,3.4749468,3.5266182,3.4636293,3.6005835,3.4627854,3.4592807,3.3577552,3.4000645,3.5077324,3.3723611,3.2592444,3.4219655,nan
3,275,1444008,23,273424,0.7508293,0.6989946,0.627278,0.6228146,0.5716636,0.5951957,0.6228522,0.6081513,0.6854029,0.589356,0.5784521,0.5778834,0.5766083,0.60853,0.5829796,0.5752707,0.5652956,0.583905,0.6062999,0.544054,0.5548243,0.6715496,0.5783115,0.5610553,0.5587135,0.5638265,0.5896552,0.5977223,0.7153313,0.5668656,nan
3,2761,1027888,39,117478,1.5637424,1.3207908,1.1593188,1.1474631,1.1498456,1.1288853,1.1354821,1.113009,1.0784543,1.0854021,1.0415956,1.073292,1.0290889,1.0784793,1.0925844,1.1565537,1.0802551,0.9729725,1.0873819,1.0859184,1.1139693,1.0494931,1.0821572,1.0953089,1.0965795,1.1186801,1.0475513,1.0556382,0.9979083,1.1187996,nan
3,2778,947652,49,86902,1.6623585,1.1892564,1.1126968,1.1091985,1.096676,1.1719265,1.0613229,1.0259954,1.0056738,1.0253189,1.0757626,1.0607716,1.0687476,1.0460738,1.1092514,1.1167076,1.0352898,1.0498224,1.0805957,1.0701568,1.1050667,1.0314736,0.9984586,1.0486901,1.0169974,1.029271,0.9962696,1.1009425,1.0533197,1.0809201,nan
3,279,967751,31,138610,1.0765949,0.9492513,0.8641283,0.933862,0.8593641,0.8215857,0.7869553,0.8149049,0.8297851,0.7555998,0.7850551,0.8134677,0.7505351,0.7949497,0.7995499,0.7434979,0.7495435,0.8389529,0.7867915,0.8165587,0.7438346,0.8571327,0.7380587,0.8091077,0.7684254,0.7470555,0.8403345,0.8013639,0.7680889,0.7930292,nan
3,2790,863315,88,44476,2.0065121,1.394523,1.5021625,1.2996218,1.3208242,1.3128445,1.2199825,1.2899885,1.2787177,1.2486444,1.2633923,1.1918523,1.2058814,2.2952228,2.4015722,2.4255689,2.4778585,2.3961116,2.4955914,2.4237423,2.2144903,2.4355903,2.5510743,2.3645395,2.3114712,2.3396738,2.1563479,2.357948,2.3370381,2.4588544,nan
3,2793,1150469,24,212626,3.1815814,2.4307033,2.3484371,2.2162859,2.2102202,2.191016,2.1787216,2.1084368,2.152205,2.3187032,2.0752409,2.1122623,2.2217356,2.1050998,2.1383751,2.1696547,2.1234929,2.2119435,2.177205,2.2638206,2.11027,2.2710548,2.072744,2.1814771,2.0921738,2.1583076,2.0506273,2.1992913,2.1193295,2.0885474,nan
3,2793,964776,57,76270,3.1841653,2.6044783,2.3949156,2.4391359,2.416018,2.1398318,2.2299276,2.0625571,2.3355117,2.083485,2.2577258,2.0600664,2.0514022,2.1226162,2.2554462,2.172649,2.0884883,1.9370817,2.2314933,2.167751,2.1052643,2.3191503,2.1910258,2.1706344,2.1831627,2.1103961,2.181586,2.1973065,1.9791497,2.1097186,nan
3,2811,1354574,15,384964,3.3361546,3.003867,2.6045157,2.5253565,2.5342918,2.4417194,2.553629,2.5413002,2.4545193,2.5875158,2.6199982,2.4222792,2.2388424,2.4955118,2.446862,2.3640548,2.263081,2.5658184,2.5084236,2.484401,2.3842765,2.3203921,2.4442753,2.3602168,2.4500221,2.3073393,2.3830238,2.4614175,2.373703,2.5139293,nan
3,2822,159362,52,14056,0.6638375,0.4240878,0.4217351,0.4504954,0.4734733,0.341479,0.3094829,0.3603584,0.3609255,0.3513621,0.3584282,0.3615347,0.3505725,0.3929767,0.3462822,0.3479028,0.3385478,0.3424283,0.3520154,0.3396131,0.3465749,0.3510791,0.3367734,0.3848273,0.3428782,0.3478302,0.352683,0.3331413,0.3194701,0.332111,nan
3,2822,501417,67,34000,2.0991442,1.3681194,1.3225932,1.2045904,1.1876332,1.2822528,1.2260255,1.2885715,1.2243592,1.2336858,1.329936,1.2367445,1.2712638,1.2098869,1.1213187,1.2676774,1.2954463,1.2507548,1.2008905,1.218175,1.2583475,1.1792529,1.2354565,1.2394074,1.2490654,1.2223807,1.2330244,1.0125347,1.2442643,1.2880938,nan
3,2831,1252868,50,112816,4.1146289,3.1600191,2.9154756,2.7765395,2.8158279,2.8388642,2.8496299,2.8027381,2.7753447,2.6086136,2.6722149,2.7105302,2.936141,2.6013991,2.7802887,2.5910923,2.6725599,2.5562521,2.8622205,2.7046707,2.5737786,2.9699507,2.7225312,2.6779561,2.7379406,2.7986951,2.7586368,2.6602,2.6249331,2.8851393,nan
3,2835,351007,88,18433,1.8099957,1.2221513,1.0571171,1.1044736,0.9340707,1.0101219,0.9576844,0.9870499,0.9874227,0.9591761,0.9869315,0.9471239,1.0081523,1.0003232,0.9216798,0.8497394,0.9328855,1.0018403,0.8889274,0.972344,1.0295668,0.9442197,0.9274679,0.9667675,0.8925945,0.8823255,0.9121387,1.002862,0.8955043,0.8985397,nan
3,2837,1513257,24,276529,4.2771928,3.4120386,3.0047727,2.8915297,2.7770114,2.7723931,2.753951,2.7232191,2.8844049,2.7258106,2.7230764,2.9169505,2.7862401,2.6632849,2.8408867,2.7856838,2.7282035,2.8588441,2.9386847,2.7403448,2.8222344,2.714844,2.6432087,2.8142148,2.7051782,2.8834009,2.7867748,2.7980768,2.5570468,2.8881084,nan
3,2838,281191,61,21034,1.1310597,0.8018164,0.7409052,0.7291653,0.6938882,0.7457915,0.7339193,0.7116269,0.6951316,0.6878854,0.6639038,0.6410945,0.7018455,0.6706437,0.7196131,0.6785742,0.6885144,0.6981495,0.6897281,0.6748571,0.6931586,0.6674825,0.6908277,0.7026782,0.6727033,0.671174,0.7063342,0.7078737,0.6623526,0.7006539,nan
3,2840,1567886,13,499564,1.9337411,1.9529065,1.7243632,1.6484281,1.6449018,1.9298779,1.6960548,1.5922708,1.5632746,1.4879662,1.4711324,1.9332735,2.0670606,1.4679268,1.6017554,1.4850045,1.4174599,1.4721838,1.5197704,1.5067622,1.5674183,1.4565065,1.5747441,1.5659993,1.5026857,1.4987549,1.4594929,1.5507062,1.4887232,1.4694768,nan
3,2844,1014106,17,251446,1.4143715,1.2662667,1.0402612,1.0803652,1.0922921,1.0051777,1.002702,0.9877537,1.0376653,0.9822718,1.0456076,0.9390746,1.0307111,0.961218,1.0212413,1.0179344,0.9837783,1.0335596,1.0575917,0.9907208,1.0099135,0.9879855,0.9554107,0.9777832,0.9397615,0.9340162,1.0140051,1.0584174,0.9853545,0.9821676,nan
3,2868,1925226,13,609262,4.4637418,4.3712715,3.8156915,3.7257783,3.5720711,3.6104627,3.5328773,3.531296,3.557656,3.5862454,3.6063179,3.564548,3.5134436,3.4128455,3.456049,3.5946033,4.0746339,3.3258207,3.4715773,3.4083226,3.6381049,3.5181304,3.3382295,3.7690992,3.5637085,3.4336163,3.4221419,3.6319141,3.5878833,3.4520411,nan
3,2897,1911670,76,113374,7.5782606,5.9653355,5.6049121,5.1804937,5.237685,4.8745765,4.926152,4.9613548,5.0119232,4.8833321,4.7431969,4.8266993,4.7885719,4.8223261,5.0459099,4.6809789,4.893654,5.0629458,5.1391397,4.7987547,4.9515057,4.9836423,4.8630991,4.7362408,5.089582,4.5728215,4.7771249,4.5702126,4.8608289,4.8468956,nan
3,2911,1125896,27,185311,3.4452403,2.4799946,2.3584843,2.3384913,2.2939237,2.1671129,2.2319068,2.3614041,2.1764718,2.1389391,2.1790132,2.1789575,2.1510168,2.1261274,2.1696462,2.3103611,2.1892828,2.304299,2.2440644,2.0782026,2.1489073,2.2900594,2.1309528,2.3111157,2.2271026,2.1876064,2.2211147,2.2404645,2.2408555,2.1818804,nan
3,2911,1500437,56,120358,5.455296,4.1757435,3.8157108,3.4664595,3.5790739,3.455574,3.5244555,3.4717429,3.4191989,3.5280085,3.5394487,3.491088,3.6751493,3.5258632,3.3643362,3.4043246,3.4890999,3.4342762,3.4333956,3.734144,3.6651355,3.4263546,3.5093101,3.3020704,3.4688834,3.3310568,3.5215407,3.5538839,3.2096282,3.5041982,nan
3,2935,1077898,19,248020,2.870085,2.5787299,2.1933051,2.0665879,2.1936677,2.1130331,2.1725734,2.1000708,2.1484976,1.9164837,2.1780291,2.0464498,2.087672,1.9576402,2.1243245,2.1465024,2.2406349,2.1900933,2.1213881,2.1881809,2.0231464,2.1447901,1.9682273,2.109659,2.0855886,2.0017681,2.1376788,2.0681709,1.9329338,2.0621171,nan
3,295,715415,33,96568,0.8564405,0.7573282,0.7029236,0.6409043,0.6713355,0.6289137,0.6798818,0.6318313,0.6445531,0.6547058,0.6625612,0.6389137,0.6171437,0.6276909,0.6289635,0.6178247,0.6257684,0.6077813,0.6725872,0.6087606,0.5847305,0.6241856,0.6307739,0.6171583,0.6523844,0.6382389,0.6186188,0.5903595,0.6201803,0.6244205,nan
3,2969,539227,84,29227,1.2832953,0.8315567,0.7985682,0.8505432,0.8036176,0.7317237,0.7707401,0.7348691,0.7630663,0.8051096,0.8189427,0.7534672,0.749026,0.7871142,0.734332,0.7411542,0.8086704,0.7165679,0.7610294,0.7149916,0.6870406,0.7689037,0.7128091,0.7415816,0.7241452,0.7153657,0.7044363,0.7291856,0.7394024,0.7579955,nan
3,2975,1600300,55,130870,5.582372,4.4521167,4.6072289,3.7072706,3.9027829,4.0474894,3.6130602,4.093184,4.0462681,3.6299695,3.7468421,3.6362006,3.9423265,3.7622145,3.7827483,3.8188675,3.804619,3.9731557,3.7970325,3.8136078,3.570554,3.5744162,3.8056942,3.6521387,3.9172439,3.5641654,3.7384946,3.6076028,3.6696219,3.5703722,nan
3,2976,1769012,32,243937,5.2964828,3.9922517,3.8738903,3.7623551,3.4617425,3.7410861,3.3940564,3.5400487,3.5323727,3.4372739,3.4552497,3.3531265,3.389702,3.3262209,3.4332828,3.3394851,3.6413664,3.4205808,3.4737774,3.5395174,3.6426808,3.4446382,3.3719541,3.3159326,3.3662167,3.5308595,3.2923531,3.4635181,3.2977334,3.1933564,nan
3,2989,1498003,13,482923,3.7179347,3.5147024,2.9691569,2.9771201,2.8802403,2.9610908,2.9289596,2.67131,3.0130933,2.8793293,2.8750992,2.7760236,2.9596007,2.8508511,2.6839823,2.8246688,2.757404,2.7957943,2.8228139,3.0135596,2.6967325,2.7573615,2.880286,2.7084381,3.041102,2.7168852,2.7789964,2.8991271,2.5623301,2.9170901,nan
3,2993,1853251,11,666109,4.5658701,4.6807917,3.7450434,3.6329965,3.56663,3.6345172,3.5559669,3.3653642,3.5802686,3.4617519,3.3518935,3.4828964,3.5106518,3.4335352,3.5294256,3.5968793,3.5118634,3.5759247,3.3921235,3.4171737,4.0373896,3.4926495,3.4752291,3.4854849,3.2801619,3.4469607,3.4751804,3.4641269,3.5156535,3.2715001,nan
3,2998,1524673,26,258886,4.6806496,3.4431372,3.1743363,3.011227,2.8915407,3.1684406,3.0235204,2.9635536,2.9474862,2.8823702,2.8660104,2.8929159,2.9028726,2.8770231,2.9193638,2.917994,2.7880972,3.0099512,3.0203522,2.8586843,2.9538389,3.005529,3.0274759,3.0440378,2.8735654,2.9585749,2.772179,2.881329,2.8766921,2.7920716,nan
3,2998,577036,23,112045,1.882048,1.5983444,1.040844,1.1695708,1.1713512,1.1278435,1.1394391,1.182234,1.1594624,1.0547385,1.1440645,1.1316274,1.1599731,1.114553,1.1633226,1.1421866,1.1179947,1.1387668,1.1859735,0.9960279,0.9820301,1.1353419,1.1043532,1.1348895,1.1586066,1.128726,1.115216,1.1001414,1.1369551,1.0804768,nan
3,3011,1831594,19,416248,4.6528063,4.4793823,3.8182087,3.5590715,3.534898,3.4489562,3.3862829,3.5351125,3.3509819,3.5297039,3.4288616,3.4167436,3.6248014,3.3648089,3.2178206,3.316502,3.202974,3.4472588,3.3114178,3.4950619,3.3174618,3.3038257,3.5807367,3.48378,3.2466561,3.2033875,3.4421522,3.5194808,3.667037,3.4257808,nan
3,3014,484115,69,31924,2.0725609,1.5159892,1.2809514,1.3196965,1.3303821,1.2690807,1.3423036,1.243491,1.2649551,1.2693761,1.2349654,1.2739757,1.2696854,1.316981,1.1349005,1.2303445,1.3091157,1.2273607,1.2761937,1.1715719,1.1639974,1.2249209,1.2684,1.1952836,1.2493035,1.2012683,1.2676089,1.2229917,1.23754,1.1514755,nan
3,3019,966728,39,110488,2.9570243,2.2307843,2.1808967,2.2231051,2.0778739,2.1610947,1.9750491,2.2331924,2.1148786,2.0251393,2.1505187,2.2149614,2.0306378,2.1109524,1.8809287,1.9988579,1.9820691,2.0008692,2.0854369,2.1389834,2.0815235,1.9432869,2.0233129,2.0217205,1.9110123,2.0359149,1.8404149,2.0434273,1.798974,1.993754,nan
3,302,220904,42,23902,0.2596809,0.2400102,0.2509875,0.2531373,0.2377341,0.2326829,0.2394964,0.2403307,0.2358383,0.2466661,0.2496373,0.2565762,0.2329447,0.2388584,0.235004,0.2516711,0.2350951,0.251853,0.2547399,0.2361539,0.2137912,0.2425544,0.2384541,0.2343415,0.2198612,0.2315402,0.2318788,0.2478201,0.2163619,0.2298641,nan
3,3023,209689,14,64930,0.646779,0.4709696,0.4555453,0.4567089,0.4516051,0.4852941,0.4388024,0.4338968,0.4433074,0.4141526,0.4357649,0.4239287,0.4319983,0.4891348,0.4261806,0.4420127,0.4471932,0.437348,0.4417239,0.441109,0.4236065,0.4350711,0.4324174,0.4566227,0.4477451,0.4453292,0.4250041,0.4384222,0.4667223,0.4303128,nan
3,3028,1276880,26,217786,3.5564478,2.8053489,2.6106659,2.6259457,2.3621659,2.4321289,2.4103731,2.4713348,2.4544039,2.5572789,2.5539065,2.4607509,2.5649399,2.6967993,2.4356763,2.5104792,2.3697089,2.3892835,2.5671983,2.306725,2.5837118,2.4839899,2.2740226,2.5038011,2.4013803,2.6266273,2.3162778,2.494667,2.3300762,2.3228852,nan
3,3030,1603567,12,554569,3.9037142,3.6137076,3.1932819,3.2612832,2.9861748,2.9271433,3.1038522,3.0987192,2.9912612,2.8626675,2.8304463,3.0923182,3.1563987,2.9968598,2.8920571,3.0798515,2.8288518,2.9463805,2.9149602,2.9292727,2.811325,2.97551,2.8791387,2.7117746,2.9615776,2.789725,2.9641235,2.6595906,2.8778253,2.9318103,nan
3,3031,660482,63,47542,2.7547062,2.0099672,1.7546449,1.8036308,1.7047663,1.740734,1.6849104,1.845655,1.744638,1.6825077,1.675335,1.7079079,1.5704247,1.606013,1.6273061,1.6379701,1.6711377,1.7694412,1.4901482,1.5897327,1.7046171,1.666194,1.7317076,1.4826999,1.6237951,1.6428173,1.6171719,1.6837314,1.5810214,1.5568212,nan
3,3032,1750593,48,163087,3.2135453,2.3009438,2.1907672,2.2193172,2.227795,2.0744387,1.8789659,1.9970086,2.0213694,2.1834613,1.9440875,1.8415477,2.0044071,1.9346811,2.0293306,1.9685537,1.8683463,2.0136766,1.9985021,2.6881456,2.0541016,1.895017,2.0658472,2.0138421,1.9378676,1.8758217,1.8997183,1.9246175,2.0016916,1.7873771,nan
3,3037,480680,49,44446,1.79516,1.2429839,1.1874412,1.1741297,1.158432,1.1569033,1.1510123,1.1561287,1.1172341,1.103236,1.071074,1.0348021,1.0984088,1.1441085,1.1241146,1.0589635,1.1481974,1.0607764,1.0279116,1.1078698,1.039111,1.1018477,1.0813719,1.1215314,1.076315,1.0650779,1.0354479,1.0377717,1.1068363,1.1183357,nan
3,3041,466312,51,41377,1.7624096,1.2482383,1.2066064,1.0915298,1.1028159,1.0935535,1.1050414,1.1120639,1.1141992,1.0689215,1.0611124,1.1020203,1.0878839,1.0048459,1.0478009,1.0220727,1.0086383,1.0677731,1.0289757,1.0375435,1.072323,1.0704016,0.930562,1.1113591,1.0022279,1.0609801,0.9735741,1.0864724,1.0249027,0.9403233,nan
3,3042,373428,16,102424,1.1153344,0.8945824,0.8205301,0.789898,0.7916619,0.8288958,0.9453161,0.902112,0.9175386,0.9136236,0.7618767,0.9440333,0.9090016,0.9525725,0.8990708,0.7819141,0.7629331,0.7652262,0.7406058,0.7875662,0.7784832,0.7739472,0.7364023,0.8003636,0.7690498,0.7564644,0.7547557,0.7755265,0.7828846,0.7596136,nan
3,3050,561765,23,108814,1.6080629,1.2418918,1.1922738,1.0912691,1.1373931,1.1430443,1.219174,1.0698131,1.161023,1.1460153,1.1512377,1.128722,1.1286972,1.1043657,1.109405,1.1219347,1.1340558,1.1992217,1.1216224,1.1029051,1.0748917,1.1378211,1.0944882,1.096255,1.1339324,1.1134278,1.1389692,1.1770664,1.0809174,1.1064147,nan
3,3059,1685834,23,321778,4.1310152,3.4574134,3.2544887,3.2983081,3.2467626,3.1677511,3.1120956,3.1418983,3.1589512,3.0777068,3.1395495,3.1454772,3.2524925,3.3388094,3.1133113,2.948105,3.1374632,3.3019439,3.2994466,3.1865472,3.1450114,3.1880699,2.9945399,3.0991541,3.1473359,2.8609071,3.2936519,3.0619313,2.9998447,3.1576105,nan
3,3076,291364,86,15613,0.7845929,0.4967125,0.4447758,0.4182401,0.4513074,0.4175634,0.425848,0.4017473,0.4331181,0.4019547,0.419588,0.4265907,0.4169152,0.4445359,0.4111183,0.4050448,0.4075985,0.4143959,0.4080513,0.4587645,0.4117606,0.4184073,0.4097144,0.4221267,0.4068992,0.3943549,0.4029863,0.4114741,0.4032104,0.3992094,nan
3,3086,1791074,11,656158,4.3789221,4.7687763,3.7356611,3.5546189,3.6144204,3.551798,3.6931439,3.7620796,3.4639167,3.3785527,3.4548142,3.3378474,3.9605252,3.3861885,3.4868612,3.3424675,3.6918436,3.2169713,3.3231397,3.5698479,3.1851672,3.5334829,3.3698681,3.2950398,3.5597935,3.5207495,3.2657316,3.5162863,3.4218351,3.6540871,nan
3,3087,1314369,10,540790,1.8076027,1.802501,1.519033,1.5544348,1.5119434,1.4761201,1.3882385,1.518864,1.4179962,1.4747824,1.6501459,1.4695294,1.4273094,1.5144851,1.4566027,1.4468984,1.4333328,1.2794849,1.3544567,1.4024246,1.3701484,1.3361985,1.5027085,1.3473164,1.4205113,1.4568643,1.2851436,1.4301084,1.325777,1.3405028,nan
3,3091,1344857,97,62920,6.2486664,4.3279247,4.2939416,4.0251067,4.0452763,3.9153532,3.8951702,3.8001818,3.9552403,4.2819742,3.9073866,3.9830564,3.8378041,3.9635583,4.1011341,3.97038,3.922199,3.6879955,3.812003,3.9385637,3.634551,3.845236,3.7469902,3.6533876,3.8936497,3.8634975,3.7746455,3.3676326,3.6267275,3.8914008,nan
3,310,1720216,21,352531,0.8536072,0.7892774,0.7686505,0.7425912,0.8222189,0.7172188,0.7079072,0.692384,0.9434762,0.9260594,0.7153234,0.721912,0.7086194,0.7039291,0.7712903,0.9492102,0.8643808,0.7058061,0.7522217,0.6876596,0.7949813,0.7042697,0.7827072,0.7469262,0.6665449,0.7258981,0.6837375,0.6796807,0.697015,0.7719316,nan
3,310,785504,45,78340,0.9288647,0.8107556,0.8420623,0.8090566,0.7741605,0.7455758,0.7700129,0.7758059,0.7751608,0.7401127,0.7880369,0.7631911,0.8477372,0.8264523,0.769446,0.8321821,0.8082398,0.8106547,0.782112,0.701863,0.744151,0.7620908,0.7177641,0.7084832,0.7484172,0.7117329,0.7075157,0.7931183,0.6871488,0.7078359,nan
3,3105,1052592,31,151699,3.1107618,2.6287604,2.3054812,2.3734716,2.3068495,2.0959897,2.1960295,2.1076145,2.0568513,2.0866742,2.322881,2.0806658,2.189953,2.199157,2.1504697,2.1721758,2.236608,2.0478053,2.1974031,2.080241,2.2139089,2.1170056,2.1177873,2.1359099,2.2101531,2.1405604,2.1284182,2.2310733,2.0721801,2.2057468,nan
3,3107,255876,36,32149,0.487442,0.3054699,0.3187987,0.3042146,0.2861961,0.2845204,0.2652094,0.2813629,0.2817066,0.2749518,0.2711382,0.2870554,0.2840919,0.2897341,0.2777884,0.2677705,0.2755327,0.2832754,0.2777468,0.2770762,0.2575184,0.2833683,0.2693599,0.2826917,0.2697005,0.278797,0.2815585,0.2859106,0.2694606,0.277473,nan
3,3110,1390486,40,155368,4.5272984,3.6849318,3.1048243,3.0801861,3.0973174,3.0385165,3.0330826,2.9645943,3.0517738,3.0316734,3.0055792,3.0184952,2.8510596,3.0695565,3.1016419,2.9222165,2.9870918,3.1026126,2.8564358,2.9679467,2.88128,2.9856456,2.9147645,2.9931565,2.8938013,2.8511595,2.9651148,3.0138532,2.9159528,2.9955954,nan
3,3128,879698,18,210526,2.509176,1.8998258,1.9499605,1.8971472,1.7251757,1.8973171,1.7825072,1.8392726,1.8691037,1.779596,1.8225761,1.6923144,1.7948658,1.6239864,1.7560326,1.789013,1.6478513,1.8011266,1.7387799,1.7255676,1.7241294,1.7571483,1.7852862,1.7466526,1.8041181,1.8157016,1.609068,1.7244597,1.7335522,1.6096878,nan
3,313,1882331,42,200332,2.0302417,1.7935389,1.683516,1.7541333,1.6914651,1.6737888,1.664793,1.714974,1.668817,1.6410543,1.5915055,1.5505112,1.9396174,1.5436758,1.5885622,1.6950835,1.7140875,1.6187467,1.6759561,1.6338179,1.8720312,2.0214094,1.52508,1.8435317,1.6241407,1.5686213,1.5866646,1.6291621,1.5922667,2.0425078,nan
3,3152,1062948,30,158350,3.4865447,2.3136789,2.315039,2.2001025,2.1936303,2.2109257,2.0437435,2.1622621,2.0610103,2.1109823,2.0907534,2.1009244,2.1199049,2.0664098,2.1436077,2.1971169,2.1151891,2.1747196,2.1975794,2.0901845,2.116779,2.1505245,2.2218521,2.147016,2.2389549,2.1962881,2.0713167,2.0990542,2.0099343,2.1308888,nan
3,3165,514255,28,81634,1.6341141,1.1901941,1.1630395,1.1062828,1.0320517,1.0912514,1.1031303,1.0063462,1.0966225,1.0275087,1.0008974,1.0593616,1.0616,1.0314708,0.9658344,1.0333701,1.0351209,1.018587,1.0060644,1.0494198,0.949952,1.0481115,1.0117923,1.0074935,1.0563515,1.0448882,0.8928137,1.0529491,0.9961641,0.9776341,nan
3,3166,1343056,29,205177,4.1010275,3.4358915,2.8613078,3.0274616,2.8716717,2.8328039,2.8873927,2.9369792,2.7923556,2.6934895,2.7875589,2.7178722,2.6386887,2.6567327,2.5896622,2.7439501,2.8318687,2.6454027,2.8349193,2.6192403,2.7666863,2.5770624,2.7810019,2.6570574,2.714798,2.7260184,2.7220748,2.8458776,2.6538134,2.5696087,nan
3,3171,1726781,96,81253,7.4682022,5.6326687,5.5051442,5.0392112,5.1928581,4.9117887,4.85616,4.9891307,4.9818314,5.0976191,4.8912045,4.7278276,4.9713711,4.6531837,4.8154307,4.5343885,4.5710883,4.6994058,4.5708015,4.5355336,4.5162317,4.7364304,5.0556155,5.0946143,4.7104912,4.6703934,4.8507042,5.1851424,4.6890289,4.5595788,nan
3,3181,1985663,19,446845,2.7366545,2.3654732,2.0887,2.0806232,2.0631109,1.9731396,1.9124324,2.033982,1.9294311,2.3162938,2.294561,1.9984363,1.8837683,2.0018937,2.4931515,2.2985662,2.034051,2.0493628,1.8844212,2.0273663,2.0183233,2.0014699,1.850097,2.033557,1.8800148,2.0105807,2.2670759,1.9863809,1.8404102,1.8985275,nan
3,3203,1773614,11,649300,4.2107451,4.2230293,3.4561182,3.4967657,3.2524476,3.4738021,3.3563974,3.2341394,3.3764436,3.2885134,3.3612525,3.7231427,3.3636102,3.3354534,3.5043556,3.5666553,3.3268621,3.3876064,3.3082381,3.5773899,3.2164122,3.2805804,3.5785108,3.415489,3.5698044,3.2190487,3.1355427,3.430678,2.9936948,3.5914897,nan
3,3215,1590526,42,169228,2.767666,2.0433432,2.0425116,1.9639555,1.9290871,1.8800246,1.6710847,1.8382659,1.6970575,1.7624391,1.7837201,1.8750696,1.7049669,1.7509468,1.7033538,1.770987,1.7073628,1.7924097,1.8041231,1.8238803,1.8920622,1.680234,1.7254703,1.8655094,1.8970566,2.3597173,2.2611388,1.7971827,1.6442335,1.8250072,nan
3,323,1804000,10,712333,1.4794119,1.3085019,1.1828729,1.1780624,1.1968027,1.0702544,1.0979887,1.1336138,1.1406968,1.1755018,1.031632,1.0864073,1.0919007,1.2722541,1.0837858,1.0969711,1.0448675,1.1859034,1.0614093,1.0821078,1.0694309,1.2686484,1.2702018,1.1264764,1.058614,1.0364509,1.0398685,1.0441265,1.1187126,1.0475006,nan
3,3231,1154081,76,68698,5.1314053,3.7394711,3.7547478,3.9493427,3.6206401,3.2024916,3.6078983,3.5006676,3.4657186,3.0961463,3.1785616,3.1430169,3.1132079,3.1340941,3.3211571,3.1654219,3.2818751,3.2009961,3.0691092,3.0967143,3.2951541,3.0357746,3.1439175,2.9532042,3.1406016,3.1877798,2.7723194,3.2194577,3.217909,2.9045047,nan
3,3234,1724480,37,207133,5.6814889,4.0150875,3.8815837,3.756148,3.5885158,3.6603206,3.6540903,3.9127422,3.6168289,3.8595819,3.4392031,3.5026848,3.4206337,3.5802555,3.5658062,3.6734871,3.4158585,3.6087904,3.5300812,3.5568471,3.6660502,3.4225045,3.644592,3.5615145,3.5970465,3.461052,3.3840647,3.6480182,3.8001433,3.4286917,nan
3,3242,280328,11,110716,0.8714767,0.724089,0.6795235,0.6659727,0.6712191,0.6591022,0.6414731,0.6431548,0.6343766,0.6419328,0.6657198,0.561278,0.674819,0.6355456,0.5744561,0.6267514,0.6036938,0.627963,0.6702743,0.5989572,0.6404396,0.6399151,0.6348987,0.6396634,0.591391,0.6355979,0.6619683,0.6535152,0.5818515,0.6410567,nan
3,3249,1631141,11,600874,2.0402115,1.9904385,1.7743112,1.6814534,1.9017839,1.7752228,1.6500063,1.6873234,1.7046837,1.667664,1.6559405,1.7143371,1.889314,1.6066296,1.7771878,1.7435158,1.7642264,1.7245282,1.6232974,1.7396146,1.7302352,1.7817787,1.7344887,1.7370124,1.6348122,1.7760391,1.5885102,1.6803099,1.7206715,1.5419862,nan
3,3252,1840700,80,103444,3.8993925,2.8529685,2.7471759,2.7386258,2.6126323,2.6704363,2.7067987,2.5254644,2.551361,2.617523,2.7532839,2.7186865,2.4351283,2.6388405,2.4321907,2.4169411,2.5919471,2.4657657,2.4616987,2.6771227,2.6404546,3.0700785,2.5926384,2.779265,2.781268,2.5557165,2.5110336,2.6631611,2.8027535,2.7261675,nan
3,3259,369657,28,59287,1.3785877,1.063021,0.9693993,0.825143,0.8567116,0.7669038,0.8316708,0.792338,0.7702221,0.756337,0.8068218,0.8201225,0.8177375,0.7997009,0.7906017,0.7900562,0.7790084,0.8040535,0.8055948,0.7750591,0.7648958,0.7947424,0.8203639,0.7694158,0.7811573,0.7180512,0.7867019,0.7627404,0.774744,0.8059078,nan
3,3297,1252054,29,192643,3.4761293,2.7029045,2.8730519,2.6517423,2.503898,2.4715707,2.4039023,2.4771674,2.66403,2.3800905,2.4088681,2.634855,2.4600456,2.5578151,2.3931063,2.6220377,2.3833203,2.5076994,2.6326912,2.3693173,2.5748711,2.4891837,2.5331309,2.3692261,2.5823785,2.3966841,2.5615672,2.5308897,2.5177568,2.5353619,nan
3,330,359569,65,25264,0.4312554,0.5362024,0.4873989,0.5059123,0.4723092,0.4760338,0.4832218,0.4727794,0.4492929,0.4829198,0.4802177,0.5364705,0.5491631,0.5570515,0.5364757,0.5095716,0.5804447,0.5790968,0.4672729,0.4425868,0.4554031,0.4935775,0.442335,0.4442961,0.450819,0.4553535,0.4404244,0.4569799,0.4938871,0.5239458,nan
3,3315,1488380,30,220045,4.6076392,3.6405529,3.58583,3.8460991,3.4801216,3.2748844,3.2662501,2.947092,2.8632343,3.2352106,3.1852482,2.9531315,3.2284824,3.3104472,3.2058285,3.1118777,3.0645591,3.0725869,3.2105361,2.9760335,3.1986603,2.947228,3.159447,3.0113745,3.056322,3.0587367,2.9638772,3.1455982,2.9432955,2.9797759,nan
3,3332,477879,98,22297,2.6754692,1.7999717,1.6117372,1.5780634,1.5083006,1.6162715,1.5147233,1.4590449,1.6771416,1.5020593,1.4694247,1.4878983,1.5721274,1.5192407,1.4206115,1.5224561,1.3960147,1.5272287,1.4345966,1.5520922,1.5081692,1.5238255,1.4918292,1.4097199,1.5323277,1.4528833,1.5414531,1.4882934,1.5597952,1.4567944,nan
3,3336,1476183,22,294142,4.2857573,3.6901787,3.0964698,3.1079662,2.9811754,3.0804378,3.1278568,2.939127,3.1327845,2.8604671,2.8857569,3.0225336,3.0129324,2.7513734,2.979464,2.7776402,2.9386944,2.8405737,3.0144568,2.7486378,2.9216593,2.8773092,3.0067752,2.8100236,2.7728844,2.7799267,3.0912607,2.8184123,2.9612697,2.8094057,nan
3,3349,1539555,75,92347,3.4198713,2.5444784,2.409882,2.1376214,2.2235797,2.4161551,2.2594945,2.211351,2.1639889,2.3028848,2.3039307,2.0855045,2.4548708,2.2997032,2.1650823,2.0896452,4.1983561,4.126568,4.2601106,4.3156879,4.1378232,3.9682987,4.1403563,3.9825087,4.2183085,3.961101,3.9509755,4.2391032,3.8296091,4.2398788,nan
3,3383,956441,50,86206,3.3626096,2.2971776,2.4206453,2.2711391,2.3767018,2.2748878,2.2025452,2.1024985,2.1456968,2.0816032,2.3578928,2.0883383,2.3093406,2.1535599,2.1654003,2.2636129,2.133358,2.300964,2.1187996,2.216154,2.1413905,2.3008216,2.2343026,2.257182,1.9445297,2.3796821,2.457556,2.3303921,2.0901334,2.1238535,nan
3,3384,579342,26,99859,1.8845202,1.2148937,1.2402894,1.1684491,1.1862884,1.2588561,1.1971309,1.2346882,1.2203269,1.2395953,1.289351,1.1556692,1.1804497,1.1257484,1.1941684,1.2611676,1.2023625,1.1819028,1.1451181,1.2173013,1.2074254,1.2458048,1.190591,1.1895588,1.0984078,1.1607255,1.1471634,1.1032936,1.1569501,1.0902269,nan
3,3385,880224,59,67240,3.3796682,2.4647602,2.5297184,2.3839498,2.4231706,2.2596013,2.2903442,2.3007345,2.2640209,2.2600215,2.0836284,2.2600147,2.1176541,2.3354976,2.188438,2.237473,2.2706402,2.27967,2.1595648,2.2050896,2.3269554,2.0954075,2.2254481,2.3772157,2.169577,2.1953481,2.2827815,2.2607491,2.1524112,2.2808995,nan
3,3398,1452737,66,99184,3.2578621,2.2319169,2.2011473,2.242158,2.0545546,2.0758122,1.9489872,2.0324939,2.047143,1.8778813,2.0513654,2.0045245,1.9120003,1.9942773,2.0642091,1.9971554,2.0627056,1.9902931,1.9144595,1.9940909,1.952274,2.0213147,1.8951866,1.8914534,1.9386155,1.8371164,2.0142395,1.8223805,1.9229179,1.8164285,nan
3,3427,1705497,88,87463,7.7367066,5.3878664,5.1238329,5.1854227,5.0516119,5.0051159,4.8639642,4.9137984,5.0963376,5.3645726,4.8500505,5.0326998,5.2157918,4.5463983,4.7197331,4.4670792,4.764233,4.8779185,4.7315358,5.2086334,4.8440276,5.1224426,5.1419689,4.709714,4.8803322,4.7780763,4.8699967,4.6016808,4.7199943,4.8820751,nan
3,3428,1615740,22,322039,4.2980397,3.5681163,3.2297993,3.3123955,3.1717858,3.1976224,3.100518,2.8623454,3.0611759,3.1645899,3.1831841,3.1625216,3.0503577,3.1155495,3.2038872,3.2638741,3.1230258,3.2218377,2.9625132,3.0672706,3.2248181,3.300394,3.0376764,3.032278,2.9760931,3.195189,2.9782955,3.0608016,2.9488877,3.1757781,nan
3,343,869430,62,63199,1.0965766,1.0833461,0.9802002,1.089885,1.0325439,1.0336097,0.9513614,1.0140448,0.9689972,1.0465559,0.9519997,1.0038034,1.0060999,0.994369,1.0010387,0.9725085,1.0350646,0.9590376,0.9942707,0.9500738,0.9801277,0.8966292,1.0347704,0.9351594,0.9998737,1.016342,0.9742219,0.9972646,1.0648738,1.0376068,nan
3,3440,1214715,67,81754,2.5318786,1.9141251,1.8817352,1.8533552,1.6775405,1.7744291,1.750388,1.7624349,1.6082862,1.687524,1.6157915,1.6345828,1.7028221,1.6430411,1.6170406,1.7204249,1.7782924,1.7523171,1.6611185,1.6076298,1.7550448,1.6156811,1.7043479,1.6811004,1.6701218,1.6534097,1.6741359,1.5366576,1.6300343,1.6593133,nan
3,3444,146623,55,12232,0.6577205,0.4148537,0.3674197,0.3953516,0.3932958,0.3800063,0.3985328,0.3925515,0.3798197,0.3851707,0.3883079,0.3707809,0.3733739,0.3750552,0.3610107,0.3120856,0.377905,0.3692302,0.3677959,0.3903657,0.3914963,0.380505,0.3625012,0.3795956,0.3759926,0.3908157,0.3806378,0.3683107,0.3660846,0.3606939,nan
3,3448,1860785,95,88564,9.1802075,6.3934352,6.0114017,5.938899,5.828318,5.7287317,5.8068837,5.8319335,5.8031614,5.6518243,5.9470518,5.6832437,5.6038178,5.7148497,5.8686871,5.4909883,5.6173323,5.5500619,5.937554,5.4594304,5.404635,5.2325608,5.2240156,5.2251234,5.5250344,5.7045227,5.1933798,5.6306571,5.9999604,5.4222748,nan
3,3453,1985091,29,301126,2.8856662,2.5241563,2.2321802,2.2000206,2.2086178,2.1174273,2.1790335,2.1551156,2.1264907,2.1582937,2.0829715,2.2240441,2.1027113,2.2200992,2.1996471,2.064904,2.00944,2.1505762,2.0928541,2.18158,2.099401,2.2204959,2.0408441,2.1785802,2.0073853,2.0619892,2.2132583,2.085302,2.1750805,2.4966175,nan
3,3454,1896884,89,96178,9.3282212,6.8348272,6.0630342,5.7821557,5.85599,5.8954982,5.7364779,6.0431752,5.8870608,5.3180615,5.5655231,5.9365038,5.296117,5.6154393,5.11434,5.4572925,5.3500715,5.2268774,5.3972862,5.6202073,5.404962,5.3200061,5.5265448,5.5266466,5.5354495,5.0805044,5.1439192,4.778274,5.569598,5.2491454,nan
3,3465,1482662,97,69262,7.3873308,4.7429754,4.6932673,4.4208011,4.4446754,4.3258248,4.5890047,4.2345939,4.2525377,4.7446761,4.5848599,4.7083441,4.490785,4.0049721,4.4350578,4.2948664,4.242641,4.4107776,4.1644247,4.4897118,4.1655715,4.2126613,4.5713214,4.4923013,4.2794179,3.9036614,4.3731461,4.5199491,4.6337739,4.3730458,nan
3,3468,830933,33,112525,1.5125192,1.0615699,1.0083766,1.0135364,0.9947542,0.9653263,0.9849182,1.0716006,0.9679608,0.9434741,0.9769821,0.9678189,0.86737,0.9690387,0.9215758,0.9100272,0.8900161,0.9588438,0.937225,0.8959167,0.9364416,0.9621993,0.9792473,0.881751,0.9083722,0.9332177,0.8839986,0.936115,0.9198101,0.9066884,nan
3,3510,1113475,96,52789,5.7400807,4.1169727,3.5367789,3.4656785,3.6742733,3.6136297,3.3230619,3.5278606,3.4186533,3.5087934,3.4355669,3.6742675,3.4060155,3.3579902,3.4230886,3.6097091,3.2715042,3.2669289,3.2265314,3.3604947,3.28336,3.3326997,3.241522,3.5533915,3.3773746,3.3718244,3.2137371,3.2338746,3.4461871,3.0974169,nan
3,3517,958680,45,95737,3.3720378,2.3179111,2.329269,1.9269781,2.1434618,2.2256114,2.1231338,2.1535124,2.1736919,2.1093948,2.3145722,2.0515524,2.18032,2.0458435,2.1468821,2.0621093,1.9236443,2.1540721,2.2332687,2.0753271,2.1561083,2.0249569,2.19278,2.0604968,2.1247008,2.0881063,2.1983373,2.1566666,2.0117094,2.257612,nan
3,3519,1512972,31,216232,4.8605511,3.7772706,3.4159717,3.4448565,3.535214,3.2501202,3.362092,3.3644161,3.2769775,3.451271,3.5373903,3.1564286,3.4540593,3.3277605,3.2296907,3.1757084,3.3170278,3.005732,3.3548459,3.0455405,3.1157961,3.0135028,3.1920332,3.1455356,3.2711552,3.0056715,3.2076395,2.9901,3.2233439,3.0616827,nan
3,3525,1217541,32,170137,3.9417843,3.0726085,2.923775,2.8588268,2.8373784,2.6491595,2.802647,2.7558805,2.5458679,2.7321198,2.624482,2.6335621,2.6217503,2.5858064,2.5516164,2.5123057,2.7455311,2.593634,2.7108894,2.5332069,2.5609978,2.5478766,2.6439816,2.5795563,2.756806,2.7385602,2.6042088,2.6549859,2.4836553,2.697875,nan
3,3548,1205978,28,191659,3.6238311,2.6336746,2.6025902,2.4209774,2.6003017,2.4664797,2.4347895,2.6120168,2.4751169,2.3964572,2.361975,2.5170529,2.6186314,2.451117,2.3631658,2.4467298,2.609626,2.5226109,2.4136244,2.4751912,2.4221243,2.3788722,2.4235169,2.4948283,2.4859752,2.4357204,2.4008388,2.6286096,2.3467067,2.5048843,nan
3,355,479736,30,71287,0.3712286,0.3349745,0.3254938,0.3045463,0.2813024,0.2794031,0.2914304,0.2824202,0.252614,0.2803434,0.2801304,0.2426692,0.2671683,0.2596078,0.2634539,0.2708368,0.2503833,0.2692072,0.2502596,0.249035,0.2515619,0.2596245,0.2622568,0.2540212,0.2378715,0.2579315,0.245856,0.2517445,0.2626862,0.2496582,nan
3,3555,603044,67,40819,1.3301118,0.9701703,0.9403866,0.8976796,0.8606045,0.839555,0.8142715,0.9337216,0.7621003,0.8197505,0.8319327,0.8183483,0.8232668,0.8681646,0.7613867,0.8326408,0.8168805,0.8595755,0.7949943,0.7825996,0.8071501,0.7900431,0.8267071,0.8435397,0.8271502,0.8588364,0.8172664,0.8331796,0.7870235,0.8371428,nan
3,3559,454752,23,87637,1.4120002,1.0332774,0.9487451,1.0133659,0.9963803,1.0140031,1.0021586,0.9768083,0.982322,0.9294397,0.9514245,0.8331599,0.9480005,0.9530533,0.9720047,0.962827,0.9668692,0.946089,0.9721471,0.9294599,0.9434492,0.936052,0.8924515,0.9276229,0.9306623,0.8833426,0.9304162,0.8684154,0.9201411,0.9174309,nan
3,3568,167543,72,10783,0.872321,0.5318566,0.5760728,0.5262837,0.5416315,0.4923621,0.5078302,0.5079414,0.5393479,0.5146434,0.5045047,0.491661,0.5069862,0.4983111,0.5276385,0.5263205,0.5232035,0.3268617,0.4769228,0.4927536,0.4790452,0.477003,0.4642331,0.471152,0.4788039,0.4913923,0.466864,0.4548255,0.4805632,0.4622697,nan
3,3580,830238,31,119368,1.4864451,1.0754615,0.9453439,1.0741388,0.9995078,0.9402332,1.0161462,0.9616895,0.942196,0.883458,0.9123593,0.9509923,0.9723867,0.9943079,0.8982717,0.8668887,0.9874868,0.9291305,0.9424847,0.9839523,0.8792139,0.9555207,0.9073625,0.8840448,0.9795033,0.9617357,0.9218598,0.9148981,0.8581561,0.911529,nan
3,3581,1463411,32,203803,2.5013882,1.8456803,1.7550711,1.692577,1.6707718,1.6789386,1.5778542,1.7037588,1.7391728,1.624199,1.63906,1.7196386,1.6886772,1.6129115,1.551354,1.7058038,1.6489538,1.7728073,1.6168377,1.5640996,1.6474514,1.6160132,1.6414616,1.6135327,1.5947424,1.7541844,1.6504905,1.5140553,1.6581995,1.5898947,nan
3,3588,686287,58,53428,2.8824744,2.0452064,1.9310777,1.9393639,1.9730029,1.8153066,1.9651756,1.893606,1.9107911,1.9411911,1.8870711,1.7189964,1.8185338,1.89356,1.8357116,1.7699813,1.8320551,1.7308932,1.7612831,1.7700253,1.5596075,1.5713223,1.7672211,1.7299534,1.7772115,1.7400995,1.7623837,1.727871,1.6728034,1.7598326,nan
3,3596,1332109,75,80218,6.1176417,4.352624,4.2056521,3.8644854,3.7331947,3.7601471,3.7849557,3.9263758,3.5081488,3.7921631,3.6042298,3.6085812,3.684104,3.5755308,3.7237025,3.532091,3.7809461,3.4055467,3.7040685,3.7875571,3.8774021,3.5988249,3.7844765,3.6364556,3.5561523,3.4934879,3.5778262,3.6933754,3.843838,3.3625192,nan
3,3597,464583,29,71683,1.5647609,1.1312902,1.1114388,1.0292977,1.046366,1.0129072,1.0916817,1.0587192,1.0343509,0.9578308,1.0622301,1.0048096,1.0943885,1.0482847,1.0121559,1.0356374,1.0301708,0.9890722,1.0113877,0.9592432,1.0504348,1.0242212,1.0050611,1.022466,0.9827424,0.9373673,1.0215972,0.9884177,1.0450628,0.9759068,nan
3,3609,917372,31,131959,2.9034166,2.2251373,2.2043415,2.1810775,1.7873428,2.084791,2.102746,1.9397374,1.9171739,1.9999783,2.0555939,2.0472409,2.0115228,1.9845211,2.0502049,2.0835837,1.9301407,2.0173157,1.9695047,2.0022691,2.0584644,1.88105,2.0344747,1.972728,1.8083962,2.0364392,1.9965325,1.9181607,1.8394193,1.9640552,nan
3,3627,893956,26,151042,2.6841388,2.2356061,1.9888209,1.9277271,2.055243,1.9016411,1.9651314,1.9668968,1.8058622,1.732168,1.9755914,1.8782573,1.943671,1.9692197,1.8732792,1.8216944,1.9379369,1.8812241,1.919713,1.8984378,1.9461973,1.7988022,1.9903039,1.7851619,1.9594087,2.0154764,1.8788639,1.8391744,1.9052504,1.8616992,nan
3,3633,1902257,40,211318,6.5853085,4.9381655,4.57315,4.3534984,4.3420718,4.2352685,4.2308921,4.5304432,4.2376865,4.5037938,4.1700417,4.1182231,4.181476,4.1685733,4.2106126,4.1604377,4.3223529,4.1180596,4.1879021,4.4610277,3.9886854,4.4604094,3.9351792,4.0254224,3.9336507,4.0229075,3.7797656,4.2666095,3.9482914,3.938937,nan
3,3634,373437,84,20278,1.8528347,1.2071676,1.1686685,1.2408978,1.2152466,1.2206073,1.1587131,1.1363996,1.1937505,1.1143207,1.1599493,1.1829374,1.1646239,1.1127347,1.2378078,1.1814353,1.0872297,1.0854134,1.1466366,1.0656504,1.1727269,1.0818744,1.1412246,1.1385601,1.1405887,1.1523097,1.219467,1.0545735,1.0965116,1.1656451,nan
3,3635,984546,85,52423,4.7793004,3.3913297,3.2434875,2.8530894,3.1228277,3.0433641,2.9135985,3.1032058,2.9474821,2.9663326,2.9389013,2.890725,2.9634431,2.9082042,3.0064364,2.9711027,3.0227133,2.9383117,2.6083095,2.7940771,2.6977815,2.7247698,2.9966702,2.7798535,2.6626966,2.7964782,2.7976273,2.8836788,2.5814788,2.8066778,nan
3,3650,38408,55,3289,0.2312498,0.1211994,0.1265535,0.1254429,0.1202877,0.1268847,0.1251824,0.1244298,0.1251371,0.1163997,0.1246618,0.1200031,0.1194951,0.1241747,0.1228077,0.1197437,0.118428,0.1054724,0.1208014,0.1214449,0.1263663,0.1202845,0.1179204,0.1245148,0.1251907,0.1199668,0.1325485,0.1266647,0.1201665,0.1235921,nan
3,3667,117642,70,7789,0.3377987,0.1971193,0.1916087,0.1900173,0.1717431,0.1822357,0.1736334,0.1736469,0.1882354,0.1756262,0.1797915,0.1769243,0.1741643,0.1741296,0.1779669,0.1791859,0.1734632,0.1644174,0.1844284,0.1623579,0.1771236,0.1709425,0.1637749,0.1696884,0.1799955,0.1690253,0.1870978,0.1751434,0.1684475,0.1758209,nan
3,3669,1066657,34,140449,3.6378043,2.7107265,2.4801432,2.5029041,2.4853034,2.4196925,2.4163492,2.4115209,2.3129652,2.3467764,2.3796059,2.4614117,2.3824762,2.3387028,2.4410724,2.4472443,2.3501576,2.3606015,2.4023904,2.3279238,2.3466914,2.2078382,2.3067517,2.3369107,2.2307422,2.4335288,2.2216567,2.2937403,2.1627902,2.3133492,nan
3,3671,1252862,11,477082,3.6239292,3.4305496,2.8109229,2.6702076,2.7329092,2.9129795,2.5551077,2.5471824,2.6524903,2.8252789,2.6065644,2.4329974,2.6538544,2.5557236,2.7001731,2.4912052,2.7082381,2.5959598,2.5775977,2.6444078,2.5729822,2.4861122,2.5161412,2.732326,2.2158962,2.7206551,2.5230286,2.549393,2.6921447,2.6577191,nan
3,3677,841673,73,52267,3.8999632,2.5498378,2.6033398,2.6767928,2.5990691,2.3955717,2.2331645,2.3476271,2.3132612,2.5881536,2.3290587,2.3660264,2.2465021,2.3591288,2.3925537,2.4010366,2.2100284,2.1998152,2.28645,2.3953032,2.3816736,2.4028084,2.1193148,2.2554569,2.2539524,2.32668,2.4148385,2.1472017,2.3753896,2.2207444,nan
3,3700,540863,28,86587,1.812972,1.3352891,1.2549418,1.1774909,1.1418498,1.2583813,1.2199707,1.1356052,1.1365968,1.173586,1.2173014,1.2239237,1.0807616,1.2757024,1.1038902,1.114202,1.1735336,1.0897943,1.1078495,1.1437495,1.1507359,1.1621937,1.1601768,1.1184099,1.1664322,1.11406,1.1879407,1.0868777,1.1384631,1.184185,nan
3,3705,694792,23,133846,2.0487333,1.6389559,1.6773687,1.189147,1.5085483,1.3615472,1.4667411,1.4311702,1.5488197,1.4713255,1.5200231,1.4759459,1.3837894,1.4599715,1.3547808,1.434378,1.3704535,1.4907469,1.3742965,1.4797535,1.252727,1.5023693,1.35329,1.4271665,1.3810208,1.451046,1.422687,1.4475287,1.436415,1.3778858,nan
3,3720,645753,24,119191,2.0501783,1.6140978,1.5383207,1.6741474,1.459142,1.4572536,1.3841333,1.4521989,1.4215996,1.4491007,1.388117,1.4426263,1.2386761,1.3717099,1.4692802,1.4391317,1.3933502,1.4002291,1.4428286,1.4275837,1.41828,1.4034909,1.3271873,1.4186614,1.4193739,1.3953808,1.4180998,1.3858774,1.3751829,1.3657367,nan
3,3725,1772082,89,89908,8.9075092,6.4982874,5.6950559,5.6824851,5.4996702,5.325878,5.7613848,5.4407546,5.7522933,5.4950591,5.2998805,5.3409168,5.6631648,5.4625385,5.6035744,5.036359,5.0453852,5.0793395,5.0674111,5.3049837,5.0793101,5.3296327,5.4894918,5.3168603,5.6420733,4.869222,5.2811525,5.3339659,5.4764516,5.123428,nan
3,3736,1070681,38,126385,3.7242629,2.6911416,2.5222335,2.5470419,2.5313088,2.4450435,2.3636423,2.2809745,2.4486118,2.4588231,2.3233772,2.4866369,2.5121174,2.370157,2.3614511,2.6059901,2.3272723,2.4518136,2.414238,2.3251911,2.2922318,2.452207,2.2620783,2.4633978,2.3146115,2.4131377,2.460754,2.4170656,2.5011652,2.5098625,nan
3,3767,490425,27,80719,1.6744548,1.4011165,1.2146623,1.0701487,1.1337124,1.1560624,1.1125226,1.0748517,1.1038966,1.0387677,1.0906294,1.0886474,1.0694713,1.0720436,1.0852357,1.0169866,1.0939586,1.0204289,1.0627813,1.0727383,1.1751677,1.0769253,1.0763355,1.0739396,1.0789163,1.0457129,1.1176309,1.0576268,0.9673915,1.059306,nan
3,377,390635,80,22396,0.3355279,0.3003177,0.3074575,0.3314305,0.274144,0.3019407,0.3009166,0.3190233,0.2766674,0.2536786,0.2491634,0.320706,0.2576658,0.2765986,0.2665697,0.2801302,0.302498,0.2796334,0.2736712,0.2946219,0.2737924,0.267749,0.2980109,0.2761193,0.2805129,0.2881619,0.2840752,0.2955126,0.3073344,0.2754775,nan
3,3818,35132,57,2836,0.1173373,0.0617655,0.0648753,0.0668378,0.0718583,0.0781151,0.0706741,0.0685357,0.0701217,0.0691439,0.0607686,0.0650417,0.0723332,0.0644368,0.0642823,0.0646288,0.0640941,0.0658151,0.0621195,0.062782,0.0643528,0.0690614,0.063485,0.0621716,0.0665869,0.0624962,0.0625926,0.0642231,0.0637681,0.0620924,nan
3,3830,839892,13,269668,2.5706087,2.018141,2.0118699,1.823162,1.9306614,1.8924613,1.8123371,1.5248536,1.7538438,1.8831571,1.6674355,1.8996347,1.8185679,1.7390593,1.854194,1.7017173,1.764124,1.7939343,1.825704,1.8160708,1.7289248,1.8640902,1.6050139,1.835229,1.7843343,1.6874508,1.8355026,1.8345133,1.7374295,1.7438896,nan
3,3861,970247,16,258475,1.3229565,1.1737026,1.1246724,1.1408402,1.1089697,1.0880433,1.0652968,1.1206665,1.0243187,1.0272101,1.1602767,1.0276509,1.0822073,1.0885631,1.0803852,1.1546618,1.0512697,1.0202217,1.08062,1.0634635,1.1210241,1.0715375,1.1041944,1.0361496,1.1334494,1.0685747,1.0641113,1.085608,1.0892069,1.1800208,nan
3,3862,386357,84,21214,1.9340167,1.3135487,1.2515076,1.2894171,1.2975443,1.2964189,1.1180394,1.2534337,1.196909,1.17878,1.2094617,1.1930918,1.280665,1.1616004,1.1844383,1.2303926,1.2519154,1.1761375,1.2033671,1.1506489,1.2042254,1.229896,1.1698176,1.1440732,1.1789543,1.1966729,1.1573834,1.123834,1.1925833,1.1411972,nan
3,3884,1410829,70,91060,3.5971198,2.6369729,2.28255,2.3655107,2.3548856,2.2992151,2.3121622,2.1616963,2.259415,2.2422594,2.1356853,2.2302319,2.1712021,2.2131273,2.1770374,2.128859,2.1319265,2.0327421,2.1431123,2.02747,2.0242148,2.1501012,2.1089121,2.0843846,2.0394709,2.1246223,2.1773818,1.9682768,1.9929584,2.1389337,nan
3,3897,609624,97,28756,3.1713032,1.9754602,2.229749,2.4315705,2.0378962,2.049263,2.1108944,2.021678,2.1777215,2.0249498,2.0256458,2.0608951,2.0046538,2.0615368,2.2217468,2.0788739,1.9235721,1.628995,1.9057724,1.9433304,1.9296725,1.9825467,1.9427028,2.0009208,1.9233332,2.0193667,2.0378762,1.955209,1.9567477,1.9652805,nan
3,3907,302503,51,27091,1.2735451,0.7949172,0.8495011,0.844241,0.7815545,0.8079543,0.8133104,0.8064927,0.7658445,0.7753759,0.7791501,0.6996668,0.7682904,0.76379,0.7734912,0.6809047,0.8061901,0.7519631,0.7272826,0.7446684,0.7809967,0.7550915,0.7161668,0.7323126,0.794016,0.8091968,0.7854048,0.7738955,0.7684279,0.7425228,nan
3,3914,695493,48,65137,1.4825421,0.9552315,0.9760459,0.9302903,0.9010079,0.9354077,0.8857753,0.837274,0.9080502,0.852116,0.856251,0.86051,0.8716525,0.9171715,0.8994976,0.8731939,0.9005124,0.860622,0.9063539,0.855552,0.8721869,0.8596497,0.8860731,0.8904685,0.861575,0.8418788,0.888895,0.8676178,0.894222,0.8654248,nan
3,3915,727620,83,39655,3.906462,2.6222524,2.3962426,2.3309565,2.2225992,2.1896338,2.2289238,2.3351172,2.3445229,2.2391201,2.2203027,2.346868,2.1698902,2.2068655,2.2898605,2.3467585,2.2050555,2.3211808,2.4504118,2.3252865,2.1403814,2.2695398,2.1040784,2.2040655,2.2306917,2.2975091,2.2273387,2.3268012,2.1055127,2.0714992,nan
3,3931,587453,12,212215,1.8189813,1.3532942,1.3753749,1.3731423,1.300528,1.3943285,1.2957276,1.3923471,1.3425904,1.3718432,1.381537,1.300434,1.3446681,1.3654789,1.258893,1.3026122,1.2421557,1.3287382,1.3228083,1.301677,1.3532906,1.2927793,1.3626369,1.324864,1.3722503,1.3516308,1.251063,1.3437739,1.3267491,1.3468058,nan
3,3941,795516,29,122176,2.6865092,1.9955643,1.9221612,1.9625568,1.9054368,1.7732519,1.8531879,1.8069049,1.8374283,1.8116765,1.8803159,1.7535787,1.750026,1.7771955,1.7034372,1.7970449,1.7701359,1.6714846,1.6960788,1.7925035,1.8150949,1.7329164,1.7977123,1.7893436,1.8137252,1.7513768,1.7713918,1.7622679,1.7370139,1.7606617,nan
3,3953,1223956,38,144085,4.3371368,3.4094857,2.9204544,2.9400127,2.8886826,2.9114338,2.8837004,2.9160676,2.8415074,2.9895286,2.7869393,2.9615358,2.813837,2.7700429,3.0315403,2.9859432,2.858201,2.7117097,2.9240836,2.8610148,2.8496146,2.6434847,2.8093927,2.7331185,2.8288681,2.8224322,2.9103037,2.6929336,2.7387964,2.9174921,nan
3,3957,1582543,23,302743,4.9773696,3.9065265,3.472315,3.7124635,3.3669779,3.3882199,3.3560756,3.5165827,3.2986335,3.2497873,3.5224638,3.2477251,3.2809939,3.3742046,3.3692127,3.2819858,3.3133007,3.2091038,3.219159,3.4144031,3.1205586,3.3059447,3.1505254,3.1513399,3.32668,3.1047077,3.2591643,3.1210223,3.1485592,3.2896304,nan
3,3963,877173,74,53689,4.0080067,2.7880453,2.8775816,2.733934,2.7501387,2.4966455,2.464084,2.7973125,2.6229823,2.5287986,2.4314422,2.4809842,2.4420489,2.5993084,2.5421075,2.7186281,2.4076615,2.5728431,2.5499569,2.5877702,2.5068745,2.3973439,2.6022149,2.5196664,2.6954471,2.5465329,2.3165252,2.4937214,2.4915334,2.7514051,nan
3,3969,855343,30,126499,2.7633108,2.104953,2.1577311,2.0049998,2.0612389,1.8789414,1.9487536,2.0392995,1.9440386,1.8985818,1.9859252,2.0119952,1.7274966,1.9661966,1.8559359,1.9417408,1.9423766,1.8433402,1.8519223,1.9074366,1.8726925,1.9258756,1.9163757,1.8914726,1.8079227,2.0055976,1.8946991,2.0143457,1.9358667,1.8677319,nan
3,399,1423255,61,105097,2.1773909,1.9879459,1.8273613,1.8609429,1.7052502,1.6991134,2.0005552,1.8283429,1.788509,1.6516584,1.6497436,1.9359442,1.6715866,1.709638,1.7056752,1.9494644,2.1263063,2.0319296,1.9733325,1.7828861,1.6989144,1.1191693,0.927315,0.9803142,1.0344877,1.8034354,1.7816856,1.7097093,1.6952515,1.6164868,nan
3,4009,545336,15,160006,1.6859599,1.3771914,1.3145752,1.3073783,1.2540113,1.274505,1.1633396,1.25686,1.2543711,1.1783133,1.2529337,1.2500245,1.1571779,1.2438706,1.2003465,1.1691473,1.1712853,1.1804658,1.2390032,1.2096166,1.1608919,1.2067186,1.1423194,1.1943913,1.127393,1.2324354,1.1276574,1.1939567,1.1289829,1.2223723,nan
3,4023,125429,74,7840,0.3564302,0.2095067,0.2272318,0.2127759,0.2060861,0.2060498,0.1889089,0.2042634,0.1941462,0.2016792,0.1929872,0.1926649,0.1993288,0.1853022,0.1949645,0.1894425,0.1982493,0.1865008,0.1989886,0.1892983,0.192055,0.1950615,0.17925,0.1973029,0.197363,0.1911847,0.199079,0.17865,0.1938644,0.1886403,nan
3,4053,1069290,66,73129,4.9216827,3.4213272,3.6178385,3.0668468,3.0719084,3.0624217,3.3353176,2.8808446,3.0800227,3.12242,3.1236048,2.9435536,2.9992183,2.9364443,2.8823343,2.6972713,3.1988199,2.9776923,2.9233211,3.1271948,3.0011427,2.9520627,3.2226089,3.0504194,2.8341672,2.9757679,3.0279878,2.8684009,3.0327567,3.0624896,nan
3,4053,285159,19,66736,0.979055,0.7340952,0.7344531,0.704105,0.6895823,0.6744748,0.6273775,0.6735889,0.6982765,0.6865569,0.6691945,0.6797725,0.6731065,0.6785346,0.6671975,0.6784896,0.6473388,0.6713214,0.6672371,0.6569066,0.6942451,0.6561988,0.6612221,0.6615739,0.6413336,0.6606848,0.6696773,0.6293781,0.6813177,0.6078232,nan
3,406,549272,54,45973,0.7740774,0.6756593,0.7048465,0.6079284,0.7105796,0.669058,0.6848167,0.7138556,0.6952404,0.7028491,0.7684319,0.7225953,0.6903443,0.7179503,0.6618393,0.6926057,0.6998934,0.6673604,0.6605032,0.7089393,0.756535,0.7266552,0.6154088,0.6830079,0.718521,0.6874189,0.6460424,0.6756072,0.681103,0.6750307,nan
3,4063,1782500,14,536917,4.9615952,4.6373741,3.6318859,3.9618318,3.7252898,3.8411627,3.6389131,3.6293104,3.6698441,3.7512946,3.8835795,3.4035426,3.7552964,3.6435939,3.5823301,3.4849851,3.7243069,3.5898509,3.489982,3.7059966,3.9049632,3.7896456,3.5240465,3.4451755,3.6844394,3.5164307,3.5278448,3.656146,3.7566439,3.8665946,nan
3,4073,1259341,85,67036,3.2110643,2.2483797,2.0749217,2.2320503,2.001737,2.0314753,1.9505047,1.8541057,1.8672598,2.0226288,1.9831392,1.9190245,1.8938071,1.9062894,1.9276115,1.977278,2.0599309,1.8993941,2.0970003,1.942229,1.8101883,1.8653081,1.9875865,1.9068993,2.0336925,1.8381118,1.8574199,1.9537461,1.9357486,1.8362085,nan
3,4088,1503944,66,102400,7.4413019,4.6903005,4.7420286,4.1221592,4.6439392,4.823429,4.4463043,4.2976365,4.399373,4.2150647,3.9964395,4.3528689,4.2139692,4.1528263,4.1542923,4.0635709,4.1979299,3.9646186,4.069392,4.1013718,3.9708199,4.0616434,4.2390464,4.2341223,4.1952196,4.0973492,4.0264926,4.0588226,4.171622,4.0358184,nan
3,4093,1215530,21,253555,3.689275,2.721636,2.8682423,2.6063526,2.5886112,2.3501862,2.7174187,2.3655745,2.5761469,2.5896166,2.4345465,2.7301614,2.6549041,2.6709371,2.5536565,2.3706896,2.4562779,2.5941412,2.4603562,2.6683827,2.5523502,2.5074576,2.4277872,2.5371626,2.3942777,2.2965457,2.5459202,2.4317174,2.5865466,2.4001585,nan
3,4119,544509,47,52432,1.139536,0.8237789,0.7377709,0.7083874,0.7193819,0.665402,0.7025022,0.6687815,0.7020148,0.6980468,0.6719014,0.7078358,0.6726595,0.7199165,0.6947128,0.6489936,0.6661042,0.683948,0.6872798,0.636079,0.6719879,0.6526346,0.6399851,0.6947685,0.689727,0.6888138,0.6923177,0.6482736,0.7018879,0.6457108,nan
3,4125,1651090,96,77899,8.5202527,5.726635,5.7496621,5.4312067,5.5193697,5.4295306,5.6975678,5.4055086,4.9879105,5.4465176,5.5604978,5.1072035,5.4678653,5.3613846,5.2435201,5.5765881,5.7385879,5.5040061,5.7983884,5.2594893,5.0472263,5.4495244,5.3325506,5.2010309,5.1919767,5.6304432,4.9996176,5.2442127,5.3054166,5.4371696,nan
3,4129,1082809,41,118441,4.1056151,2.8744383,2.8357562,2.7975756,2.7917088,2.6500997,2.7159644,2.7311889,2.5600647,2.5345852,2.5937613,2.5355357,2.6813454,2.7305184,2.650035,2.7727286,2.6247818,2.5784769,2.4923424,2.6898949,2.3837065,2.5701758,2.7063386,2.4615755,2.6596108,2.5163182,2.5553296,2.5472802,2.6408355,2.5111946,nan
3,4133,628432,64,44515,3.1196292,2.1030402,2.0839447,1.9301733,1.8347538,1.8403153,1.7990048,1.895708,1.7502437,1.7946212,1.6684323,1.8126467,1.8030772,1.7861703,1.7603236,1.8649468,1.9061967,1.7768969,1.7057436,1.780971,1.6911166,1.7680818,1.7621255,1.7355153,1.7263398,1.693888,1.7495126,1.6630692,1.763966,1.6614487,nan
3,4149,997607,38,117052,3.7665641,2.6579364,2.4652406,2.3769458,2.4052771,2.4547942,2.4156148,2.3956985,2.2467594,2.3616507,2.2678885,2.3750853,2.19489,2.3918709,2.1700596,2.2712528,2.3571469,2.1583424,2.3304511,2.335174,2.2386418,2.3542828,2.2360906,2.2553094,2.4131779,2.293053,2.3455303,2.3291329,2.2655099,2.296243,nan
3,4160,967036,21,198217,1.4142292,1.1476354,1.28558,1.1382343,1.0481375,1.1285208,1.0902947,1.1549043,1.0755564,1.0913003,1.1404716,1.1151126,1.0977106,1.1801475,1.3066319,1.1252291,1.0705367,1.0984633,1.0273573,1.0826777,1.1048537,1.0240183,1.0724794,1.0653723,1.0865766,1.133871,1.0888988,1.130376,1.046301,1.1320966,nan
3,4182,788850,43,82534,3.0251841,2.1081398,2.22321,2.0713867,2.1367572,1.9862375,1.9326467,1.9118077,2.032297,1.9459236,2.0498916,2.0400519,1.8511893,2.0027889,1.8819259,1.9529314,1.8455547,1.9764698,1.9633457,1.9008793,1.9084222,1.9420347,1.9979184,1.9876721,1.8501525,1.8706723,1.8892988,1.860545,1.9644997,1.9281302,nan
3,4182,929398,25,163114,3.0728389,2.3371651,2.2959877,2.266634,2.1530732,2.1493799,2.2330305,2.1003293,2.0272708,2.1176533,2.1103913,1.997403,2.0420001,2.1354971,2.0353391,2.0924251,2.1506687,2.1094172,2.0105188,2.124613,2.1310394,2.1804273,1.9255484,2.1241787,1.9695286,1.9712966,2.1744868,1.919413,2.1369366,2.0695587,nan
3,4185,638326,97,29956,3.5052145,2.6162587,2.2160062,2.2261145,2.2817739,2.1283421,2.2605714,2.1656871,2.2243337,2.2103594,2.3999973,2.2697085,2.328907,2.2285371,2.1870328,2.1470893,2.171846,2.2382483,2.2074701,2.3159017,2.2246269,2.1933227,2.1707032,2.1671623,2.0022533,2.2736453,2.2191208,2.1319444,2.0352316,2.0656928,nan
3,4200,1050256,85,56041,5.6005927,3.6998768,3.1458509,3.5441006,3.3728646,3.5337742,3.3320342,3.3766427,3.4722433,2.9759482,3.3830065,3.265497,3.2565579,3.2900923,3.2247888,3.1023103,3.1728416,3.2169109,2.9507183,2.975183,3.170252,3.1960928,3.408631,3.1968785,3.3872986,3.1478811,3.4281973,3.1719153,3.1011069,3.2939301,nan
3,4204,677771,91,33820,3.5952719,2.5921101,2.3829395,2.112884,2.2249706,2.2810215,2.0796196,2.34746,2.1047386,2.1489912,2.1135522,2.1053863,2.4027413,2.1073554,2.2093322,2.3378929,2.0615256,2.0066892,2.1464585,2.1328751,2.2885139,2.1927483,2.3263726,2.0801742,2.0178613,2.157809,2.0132415,2.1644493,2.0941985,2.0831594,nan
3,4212,133287,11,53395,0.5285261,0.3919641,0.4606618,0.35391,0.3481641,0.3527619,0.364553,0.3450023,0.351418,0.3412215,0.3642408,0.3507876,0.3469378,0.3544072,0.3673661,0.3596384,0.3359184,0.3494941,0.3512623,0.3535783,0.3768494,0.3534217,0.3463801,0.3604408,0.3281733,0.3381524,0.3381186,0.3442115,0.3453581,0.3501147,nan
3,4218,806119,45,80509,3.213264,2.337123,2.2146527,2.1581603,2.0544346,2.0793669,2.0981784,2.1421856,2.0382124,2.2152932,2.1165366,2.0079281,2.1245565,1.98866,2.1282221,1.9173959,2.0204273,2.0592482,1.9883758,1.9876406,2.0245412,1.9170254,2.0649097,1.9369104,2.0762506,2.1318577,1.9630617,1.9861998,2.0773957,1.9194892,nan
3,4220,170755,68,11596,0.4626838,0.2683097,0.278885,0.2964762,0.2629659,0.266111,0.2561675,0.2734016,0.2671896,0.2669283,0.2550031,0.2576751,0.2443068,0.2516732,0.2631738,0.2612652,0.2450913,0.2545673,0.2502124,0.2604851,0.2489948,0.2496256,0.256829,0.2635481,0.2491712,0.261566,0.2475756,0.24168,0.2498562,0.2595698,nan
3,4221,1089402,17,280582,1.757728,1.5177486,1.2566845,1.2972463,1.2553033,1.2472602,1.2397305,1.1777477,1.316129,1.1966928,1.1903456,1.3426504,1.3038263,1.1811546,1.2948858,1.2831262,1.2026332,1.2343983,1.1970519,1.3493194,1.2497813,1.3605365,1.2544664,1.3560133,1.1884002,1.2548191,1.2193944,1.2617501,1.2865666,1.2430261,nan
3,4227,754450,75,45733,1.8522331,1.3189444,1.337787,1.2020215,1.3296678,1.2391761,1.2163225,1.1718942,1.1160719,1.1532718,1.1820094,1.1393152,1.1693856,1.2181339,1.1791518,1.2024181,1.0498709,1.1399414,1.1771341,1.1779814,1.0900804,1.1320562,1.1120243,1.095718,1.1414987,1.1742363,1.0377724,1.1224126,1.0611555,1.0303423,nan
3,4250,1338799,15,381817,3.9993521,3.5745463,3.1305244,2.936742,3.0040179,2.8772186,2.8371878,2.8584152,2.8400619,2.6633293,2.9215012,2.9206406,3.058794,2.7377468,2.8251303,2.9945789,2.8138418,2.895656,2.958323,2.9486234,2.8022653,2.9289264,2.9242824,2.7922342,3.0239821,2.9274741,2.713169,2.9772837,2.9756727,2.8829118,nan
3,4256,324300,35,41644,1.2860762,0.848032,0.8728744,0.8403313,0.7871025,0.8022687,0.7967854,0.7738917,0.7900757,0.8127898,0.7986673,0.771265,0.7763997,0.7472119,0.8056104,0.7770631,0.8069514,0.7328512,0.785138,0.7634616,0.7573283,0.770011,0.7553795,0.7984887,0.7285746,0.7848132,0.7937017,0.7317729,0.7193017,0.7518891,nan
3,4272,1607680,43,167146,5.7735289,4.5051723,3.888508,4.434288,3.9052857,3.9192507,3.8430748,3.8332512,3.6453679,4.0361255,3.8768164,3.7645351,3.6717356,3.5867365,3.889049,3.8110735,3.8465408,3.6825646,3.7685543,4.084894,3.6577613,3.7160678,3.8037164,4.0101883,3.6987034,3.7029099,3.8449772,3.8682035,3.6588382,3.7844227,nan
3,4272,535861,74,32896,1.2514466,0.90705,0.8923712,0.8813385,0.8648592,0.8488451,0.8231914,0.8386893,0.810504,0.8104195,0.8528695,0.8079029,0.8195102,0.8320417,0.8331023,0.8315842,0.8123667,0.8482052,0.7838194,0.8500188,0.8391814,0.8020799,0.7923407,0.7821236,0.828327,0.8427775,0.822766,0.8058403,0.8103769,0.7658044,nan
3,4274,460772,22,92527,1.5880885,1.117589,0.9686815,1.0811398,1.0455876,1.0645103,1.0902025,1.0537859,0.9725935,1.0475653,1.0247752,1.0532238,1.0451006,1.049146,1.0298807,1.087914,1.0558387,1.0314598,1.0904396,0.9692381,1.013896,1.0520901,1.0082438,1.0325428,1.0890127,0.9788695,1.0159765,1.0298268,1.0388801,0.9735101,nan
3,4297,1631543,77,95422,8.3394916,5.8294309,5.5550621,5.0703941,5.3929821,5.0908893,5.0694676,4.9224758,5.2645689,4.7927724,4.7630664,5.2383991,5.3034448,4.8476812,4.712438,4.686682,4.7688988,4.8955459,4.7485362,5.1813751,4.8044903,4.8556919,5.0532674,4.7156978,4.7616682,4.741246,4.8885476,4.6415735,4.8611345,4.5926481,nan
3,4307,1475756,58,114085,6.8420831,4.5686664,4.4282094,4.2400578,4.1017829,4.3910497,3.9806099,3.9902033,4.07574,4.1452634,3.6127204,3.8637356,3.8573051,3.9915593,3.9037174,3.969874,3.9331301,3.8227667,3.9309309,3.6880247,3.8378901,4.2512351,3.7434293,3.8426357,3.8129681,3.8626715,3.9096396,4.0628846,3.7455412,3.6946255,nan
3,4327,1784439,76,105637,8.5490414,5.8964434,5.7368071,5.6654904,5.4067973,5.5772776,5.333649,5.593404,5.5342457,5.4663326,5.4916627,5.6608532,5.1031673,5.5536972,5.40505,5.3156951,5.0824772,5.5189997,5.4276976,4.9937415,5.3310063,4.9161643,5.1066177,5.1558209,5.2648289,5.402788,4.9896834,5.0351977,5.0832923,5.0663409,nan
3,4334,237021,79,13735,1.3056934,0.8223918,0.7963539,0.7229548,0.7771335,0.7483803,0.7616414,0.7425108,0.7748875,0.7586728,0.7162378,0.7605603,0.7426186,0.6985666,0.7864913,0.6991182,0.7341079,0.7095466,0.6713532,0.7181022,0.7564704,0.6510004,0.7217031,0.6718821,0.7314573,0.7079531,0.7214259,0.705576,0.7293849,0.7226267,nan
3,4346,756478,16,206932,1.5191314,1.2076632,0.9840732,0.9209641,0.9056834,0.9172842,0.9443185,0.9020661,0.9451498,0.8371313,0.9026727,0.9353278,0.8886192,0.9291894,0.9017159,0.9038672,0.9281134,0.9167367,0.8758928,0.845913,0.8571647,0.896505,0.8899823,0.8867036,0.8657716,0.8784524,0.8287999,0.8762581,0.8888587,0.798252,nan
3,4355,499257,84,27232,2.7261521,1.7238244,1.5533216,1.6493522,1.6069166,1.7923866,1.5618911,1.5257277,1.5810081,1.7079242,1.4900557,1.5183185,1.4800837,1.7039454,1.4871369,1.6095066,1.5390172,1.5750018,1.5911444,1.6302005,1.494605,1.6381768,1.6502723,1.5494465,1.603177,1.4617379,1.624738,1.4828716,1.5710529,1.6771185,nan
3,4362,378985,69,24979,2.047052,1.381343,1.3012803,1.2018452,0.8896571,1.1597117,1.1698566,1.1751715,1.2564096,1.1467452,1.2002559,1.1647949,1.1919249,1.1369266,1.0967294,1.1754384,1.1220076,1.1511524,1.1448959,1.1377253,1.1443524,1.1827263,1.2104237,0.9943044,1.1775355,1.144164,1.1305824,1.1933716,1.1451023,1.1834728,nan
3,4367,1531990,45,152128,5.998317,4.2617526,4.0084321,3.8361624,3.9795087,3.8031003,4.1255512,3.8674023,3.7361097,3.5996351,4.0316694,4.1800663,3.791436,3.6810709,3.7602543,3.8040016,3.6603338,3.8064225,3.6450498,3.7158988,3.7608951,3.7033416,3.9259132,3.7202839,3.6962757,3.8373261,3.6386337,3.948856,3.5058377,3.6649824,nan
3,4374,1698978,85,90358,8.2639813,6.1506366,5.3408549,5.3825957,5.3807009,5.7600254,5.0938459,5.235435,5.2278632,5.2234276,5.4727519,5.2021804,5.232372,5.1613182,4.9364144,5.2692271,4.8318668,5.0092402,5.3660756,5.4803091,5.1833607,4.9311293,5.1214771,5.3617864,5.1914962,5.0688823,5.1299657,4.8886019,5.2666502,5.2198582,nan
3,4398,131355,72,8326,0.7577842,0.5073157,0.503218,0.4755557,0.4160307,0.4339538,0.4333481,0.3597802,0.4294219,0.4287762,0.4368408,0.4126303,0.4246046,0.4035168,0.4441188,0.4163475,0.4028184,0.4092308,0.4091178,0.3858911,0.4177268,0.4072931,0.4079816,0.4402166,0.4102028,0.4161553,0.4086813,0.3966307,0.4398134,0.4390549,nan
3,4405,1490913,33,200962,5.2731441,3.7475686,3.5964442,3.5641064,3.4337352,3.5947891,3.4907954,3.632652,3.3584041,3.3040476,3.5381215,3.3712459,3.3686951,3.40057,3.4398085,3.4342736,3.5072357,3.6204185,3.2440185,3.500337,3.4098522,3.2864035,3.307802,3.5636287,3.4687547,3.5476612,3.5194119,3.5648921,3.4870788,3.5751025,nan
3,4418,1454252,33,196657,5.1340097,3.7420599,3.4449669,3.520987,2.9150325,3.3519961,3.2040254,3.4866759,3.300021,3.2780095,3.3074926,3.4830109,3.312173,3.297432,3.2753807,3.3036108,3.2867973,3.3596206,3.3483108,3.4206811,3.2108957,3.3299428,3.1923845,3.5075762,2.8419715,3.2726923,3.380613,3.4190841,3.0974502,3.3567369,nan
3,4426,799188,54,66859,3.4755481,2.4909505,2.4065798,2.3112278,2.2614566,2.228245,2.1805204,2.2507104,2.2208779,2.0390602,2.1634462,2.0901661,2.1289173,2.1770279,1.9971254,2.1879103,2.1939065,2.0763235,2.1729924,2.0902885,2.2091657,2.1536347,2.1173256,2.0922009,2.1587842,2.0890664,2.1586637,2.0043807,2.1304628,2.2337086,nan
3,4430,662424,62,48484,3.0710929,1.9529172,2.0613518,1.9661027,1.8502897,1.8662325,1.8148437,1.9228266,1.9327276,1.8407337,1.6337842,1.8132429,1.8858681,1.7838642,1.7965013,1.9145972,1.955682,1.7251222,1.9727864,1.7227131,1.8314238,1.7347193,1.7921976,1.9156917,1.7304356,1.8012984,1.8304877,1.7655388,1.7900323,1.8352172,nan
3,4432,1404560,76,83659,6.8509442,4.631482,4.643102,4.4995947,4.6317366,4.5240814,4.2636315,4.3267426,4.4896103,4.485331,4.4486999,4.1209908,4.3657105,3.9958324,4.2573592,4.8399475,4.005869,4.2503205,4.4162889,4.0978944,4.2872214,4.1860036,4.046414,4.179444,4.1380668,4.2529421,4.0136581,4.3302036,4.0901069,4.1945856,nan
3,4433,332940,61,24907,1.6056718,1.1372064,1.0549451,1.183026,1.0797608,1.1064136,1.0718802,1.1054782,1.1724347,1.1022506,1.131271,0.8614398,0.9624251,0.9744411,1.0077671,0.9694238,1.0040984,0.9780025,0.9279677,1.0021225,1.0503781,1.0041397,0.9672716,0.8993674,0.9687584,0.9405995,0.9634642,0.9611775,0.9693861,1.016261,nan
3,4449,1246203,46,121555,4.6674054,3.5535433,3.3501681,3.1592788,3.2915184,3.2096201,3.0201221,2.8766602,3.0973782,3.1076354,3.207013,3.0089081,3.2050498,3.1477608,2.9024018,3.1015727,3.0718154,3.1553752,2.952298,3.1077572,3.1070276,2.9597561,3.2512821,3.022546,3.071963,2.8548625,2.8453519,3.0618335,2.8679282,3.0976511,nan
3,4465,523736,35,66859,1.9573772,1.4112615,1.3127036,1.2402747,1.2678914,1.2855469,1.1446976,1.298062,1.2029277,1.2745571,1.2463601,1.2446834,1.2545152,1.2638057,1.2401741,1.25406,1.1658802,1.2815818,1.2239931,1.2241554,1.2448809,1.2542626,1.3019552,1.2302709,1.264247,1.1739175,1.2159891,1.2705986,1.2396841,1.2561167,nan
3,4468,1293670,47,123379,5.4672806,3.8615348,3.5100037,3.2741162,3.3335964,3.3771004,3.46312,3.335555,3.1748237,3.3346234,3.3065288,3.4811706,3.2992463,3.3297542,3.2956808,3.1673177,3.3768671,3.4042885,3.1404451,3.2336427,3.4148515,3.1953568,3.3719041,3.3804622,3.2434807,3.3831162,3.1393666,3.2713928,3.0142131,3.1065389,nan
3,4473,955434,84,51691,5.1320288,3.3647911,3.4234699,3.3646804,3.3358025,3.3905053,3.4513881,3.0297603,3.099663,3.2984831,3.0110947,3.2232343,3.246355,3.2657006,2.9905665,3.2516578,2.95743,3.179671,2.9037039,2.9703537,3.1233524,2.9713568,3.0850615,2.8579347,3.0825569,3.1352514,3.0555459,3.0175263,2.8817288,3.1079155,nan
3,4481,1610159,20,349579,4.8616097,4.3043781,3.7460536,3.8583855,3.5275245,3.3385108,3.4768756,3.4945102,3.7644028,3.5136743,3.5689044,3.4348226,3.5109322,3.5439956,3.5069317,3.4052729,3.5738297,3.5809731,3.4002649,3.2947549,3.5059219,3.6132724,3.4589783,3.5164737,3.3222891,3.4425971,3.6128298,3.6536168,3.3988022,3.4668361,nan
3,4508,194628,80,11188,1.1831634,0.634063,0.6593436,0.6654043,0.6642921,0.6173154,0.6397225,0.6522653,0.5976445,0.6024495,0.6190782,0.5965618,0.6586611,0.664325,0.5466806,0.6192133,0.6125623,0.6281168,0.6496239,0.6050022,0.6235927,0.6536233,0.6397698,0.6426372,0.67156,0.6414268,0.6269963,0.5797327,0.5885417,0.6184625,nan
3,4509,1884582,13,591481,2.9604646,3.1408381,2.5033315,2.4968178,2.0979725,2.2961179,2.3178914,2.1662691,2.0332986,1.9981915,2.2261331,1.9566762,2.2093723,1.9915906,2.0537706,2.4428395,2.7998775,2.231818,2.1000489,2.0903228,2.1581208,2.0735059,2.1290998,2.0560531,2.1739689,2.0439288,2.1751447,2.0198891,2.0670833,2.1292692,nan
3,4510,97260,79,5728,0.6201501,0.3592474,0.3712885,0.3393568,0.3411278,0.3415346,0.3473437,0.3586183,0.3424168,0.3428063,0.3295386,0.3357409,0.3294331,0.3632083,0.3245592,0.3374248,0.3522928,0.3493521,0.3297907,0.3287181,0.3061227,0.3139804,0.3242482,0.3342483,0.3420225,0.3003533,0.3177809,0.3135161,0.3372636,0.2940322,nan
3,4511,1124063,77,66037,5.6675412,3.9533221,3.7295244,3.7672087,3.4518885,3.3673165,3.4658241,3.424969,3.4197966,3.678459,3.3834813,3.4682351,3.4825795,3.4506696,3.3146603,3.4336333,3.6626929,3.0328988,3.4742785,3.286124,3.1482664,3.2706034,3.5395939,3.4085474,3.2331656,3.4621664,3.3352244,3.2606606,2.948652,3.3170915,nan
3,4514,520751,83,28726,2.8666561,1.9536804,1.8702654,1.8166951,1.8333371,1.6680938,1.8008724,1.7480137,1.7568103,1.688831,1.8176104,1.6061034,1.7881292,1.6856526,1.685864,1.8220431,1.7974505,1.5265737,1.6580458,1.6803317,1.7853461,1.5064574,1.8342176,1.6497195,1.7659979,1.5601586,1.6367735,1.6510349,1.5538137,1.726026,nan
3,4521,1146878,75,69184,5.4186561,4.0301184,3.9142327,3.5582861,3.6999475,3.290407,3.743433,3.4757639,3.4361498,3.3965151,3.7070708,3.2549361,3.3425179,3.7553676,3.3551407,3.534036,3.3542155,3.4266385,3.5013963,3.3555891,3.3954751,3.4317604,3.537428,3.5022786,3.533165,3.4707708,3.5563093,3.4167167,3.2576928,3.4083368,nan
3,4533,137569,61,10339,0.4014003,0.215175,0.2791042,0.2520283,0.2587202,0.2369876,0.2397272,0.242503,0.2640658,0.2468672,0.2509688,0.2481192,0.2358409,0.2490257,0.2533104,0.2410999,0.2469056,0.2455401,0.2422886,0.2464247,0.2000604,0.1994465,0.205889,0.200658,0.2015895,0.1989551,0.2008538,0.2141883,0.1996381,0.2070983,nan
3,454,799495,56,64570,1.5032285,1.1285417,1.1576215,1.0450251,1.1262643,1.1279382,1.14799,1.1090516,1.2494965,1.0791063,1.1791327,1.1661578,1.1668902,1.040789,1.0510098,1.1042171,1.216624,1.0443586,1.1804745,1.1106398,1.1168538,1.1568613,1.0469292,1.2124906,1.1214354,1.0675424,1.1417714,0.9825834,1.0282559,1.057888,nan
3,4546,1089253,73,67363,2.8354483,1.8923396,1.8506094,1.7681205,1.7546836,1.7413587,1.6495265,1.7423367,1.6877856,1.7518641,1.7272973,1.6435461,1.6240686,1.7362407,1.7114543,1.6956626,1.6526099,1.6275987,1.723733,1.5900008,1.7012126,1.6488783,1.7413691,1.6506303,1.6854952,1.5786426,1.7282075,1.5846753,1.7189651,1.6067696,nan
3,4557,1477682,94,71071,8.4182371,5.6515445,5.3581591,5.1360312,5.1711289,5.1319942,4.8991809,4.7759354,4.7412948,4.9587791,5.2118017,4.5516782,4.752559,4.9237957,5.0427074,4.8495715,4.8489678,4.5531872,4.7461281,4.5958688,4.8238414,5.2290452,4.7844543,4.9140857,4.8084691,5.018747,4.962695,4.6926234,4.9582622,4.9170245,nan
3,4560,831797,71,53098,4.2741105,2.6851458,2.6581112,2.8207671,2.6205485,2.5199158,2.4184921,2.5517896,2.4204071,2.6947106,2.3221919,2.4677292,2.5473127,2.3830089,2.6399301,2.2937389,2.5046171,2.3718211,2.5339189,2.2958289,2.3306401,2.5145956,2.4526982,2.4555522,2.4392164,2.3033303,2.5439422,2.3843285,2.5518137,2.3376128,nan
3,4582,314380,90,16123,1.8571826,1.2343176,1.1409542,1.1545055,0.9097412,1.0635937,1.1035249,1.0316524,1.01544,1.0508997,1.0798899,1.1260586,1.0661476,1.1158165,1.126013,1.0287189,1.0348218,1.0251635,1.0528948,0.9921224,1.0698887,1.0473493,1.038861,1.0575816,1.048657,1.0547587,1.0278158,1.0622527,1.0770841,0.9895652,nan
3,4586,161924,60,12460,0.8506042,0.5529957,0.4977744,0.5477583,0.5192316,0.4906164,0.5150888,0.5160085,0.4907002,0.4974677,0.557495,0.5262247,0.4717397,0.4886827,0.4703353,0.4650171,0.4759874,0.4559888,0.4776514,0.4924965,0.4706951,0.4673815,0.4717026,0.4705883,0.4678145,0.4890165,0.4764521,0.4329183,0.4454847,0.4503686,nan
3,4588,972637,66,66637,4.625405,3.1699312,3.1651896,3.2330113,2.8480619,3.0893882,2.860721,2.7227586,2.8594304,2.9105874,2.8383296,2.9444485,2.6992355,2.7672262,2.9033809,2.8631765,2.8438155,2.7687015,2.9520122,2.9228018,2.8790709,2.887895,2.9155288,2.7107631,2.7849367,2.7683747,3.0316266,2.9836999,2.7808136,2.8902439,nan
3,459,1838669,90,92290,3.3250481,3.1324759,2.9436662,2.8218793,3.1656329,2.8672745,2.8854192,3.1644172,2.6963862,2.7583174,2.8520949,3.0067115,2.9500372,2.7012241,2.9630987,2.9487129,2.7228543,2.8886432,2.8775972,2.8303352,2.8567907,3.3290355,2.8973814,2.505589,3.0749623,2.8417352,2.9117887,3.1964318,3.0028213,3.0960877,nan
3,4593,323440,11,125578,1.1499674,0.9156644,0.9215673,0.8120457,0.8695913,0.8649756,0.8407367,0.8712954,0.8766568,0.9323302,0.8292437,0.8408266,0.8435083,0.8344949,0.7942909,0.824069,0.8191424,0.8394604,0.8442808,0.8451812,0.8247774,0.846018,0.8483275,0.8484203,0.8256525,0.8442515,0.8263027,0.7019967,0.8355927,0.8419015,nan
3,4606,752931,100,34312,4.1415548,3.2273184,2.7110326,2.8132123,2.8012519,2.5951082,2.6513287,2.7958769,2.6344171,2.7786253,2.4538896,2.4820507,2.641679,2.5420148,2.4905602,2.5155865,2.5069633,2.7980846,2.4775659,2.5946761,2.5551783,2.5647863,2.8132949,2.3921018,2.4379048,2.6357476,2.5466127,2.6507242,2.4358925,2.7399269,nan
3,4622,48438,25,8845,0.253439,0.1525055,0.1505062,0.1274909,0.1395776,0.1427347,0.1370089,0.1372931,0.1344429,0.1428958,0.1356756,0.142206,0.134899,0.1587098,0.1343532,0.1374233,0.1386972,0.1408582,0.1269915,0.1412321,0.1402913,0.1320526,0.1426849,0.1414897,0.1388484,0.1410701,0.1457836,0.1379139,0.1370802,0.1373038,nan
3,4624,1647132,45,163639,3.4450483,2.3198784,2.4829736,2.2730653,2.3576242,2.2984592,2.1606923,2.1643534,2.2364424,2.3021768,2.0744306,2.1441135,2.0733031,2.2691862,2.2651993,2.2036284,2.0700335,2.1756123,2.1423252,2.1270366,2.2445059,2.0305452,2.1266788,2.0170786,2.2785673,1.9881276,2.1144718,2.1201856,1.9736522,2.1156925,nan
3,4627,1725773,77,100999,8.9768446,6.3266322,6.1105692,5.9508884,5.7422992,5.499233,5.4281768,5.3005186,5.4809641,5.2001326,5.6777127,5.3890806,5.5553064,5.717654,5.0016103,5.2729469,5.1054356,5.1092766,5.3964088,5.3691132,5.3433236,5.4082656,5.1862446,4.9700576,5.018567,4.9136276,5.2314568,5.4345991,5.3241451,5.0516609,nan
3,464,1621966,44,164941,2.2584315,1.9542603,1.964392,2.110983,1.8885635,1.936111,1.8878815,2.0579492,1.9215278,1.899914,2.0450347,1.8575166,1.900315,1.9441041,1.9342226,1.9631017,1.8428944,1.9178259,1.8612595,1.8556754,1.8875032,1.9757202,1.9506965,2.0368266,1.790033,1.9488681,1.8451169,1.8972723,1.7937683,1.8404617,nan
3,4645,61951,34,8329,0.3271434,0.1883249,0.1938909,0.1907633,0.1971286,0.2102135,0.2059725,0.1939032,0.1630188,0.2168626,0.1942335,0.1921687,0.1860221,0.1871028,0.1927008,0.1857032,0.1894615,0.1942099,0.195744,0.2043021,0.197197,0.1924491,0.1898655,0.1972996,0.2641622,0.1745605,0.1744749,0.1781275,0.1898755,0.1845387,nan
3,4662,1869982,66,127492,8.8145289,6.4035609,5.7156127,5.8834164,5.9970931,5.3983618,5.2737617,5.0796038,5.7049592,5.6190165,5.4787118,5.3126622,5.2633178,5.3773823,5.0205779,5.3014102,5.1772674,5.4390951,5.2161561,5.0539109,5.2900213,5.4839327,5.1234319,5.0832546,5.2245664,5.334081,5.1343054,5.2439187,5.223973,5.3724003,nan
3,4663,633196,18,154777,2.0073964,1.5722693,1.5701828,1.4060862,1.5075068,1.4005446,1.5013498,1.3709221,1.4710648,1.4841805,1.3949433,1.5553251,1.3646382,1.4784655,1.371171,1.467727,1.351616,1.4493414,1.4446488,1.5034101,1.4900756,1.4056761,1.5102437,1.4125882,1.5201633,1.4362473,1.4630506,1.4258882,1.4545741,1.4548807,nan
3,4667,1035209,87,54061,5.7120387,3.7152852,3.9367318,4.2467646,3.8421445,3.1045044,3.3874901,3.2429722,3.3858341,3.2598411,3.1987722,3.4329303,3.4319745,3.111948,3.5461371,3.4527128,3.1189035,3.3674263,3.3186793,3.2396702,3.2921252,3.2706663,3.3357394,3.404263,3.512964,3.3609135,3.0959415,3.4934968,3.3630581,3.1668131,nan
3,4706,515669,42,55288,2.1011287,1.5290973,1.4056243,1.2606362,1.38218,1.3285725,1.3568196,1.2689345,1.3373713,1.3652907,1.395953,1.2887162,1.3004186,1.2221766,1.3020087,1.2675298,1.2843425,1.3308184,1.245594,1.3385657,1.2758464,1.3204546,1.2934234,1.1642256,1.2458364,1.3175645,1.3206678,1.2740074,1.2739498,1.3005799,nan
3,4722,1923284,40,213280,3.7351875,2.6238526,2.7110584,2.4946688,2.7542089,2.4377565,2.4149242,2.5885022,2.6988325,2.4012976,2.2951969,2.6446088,3.0711905,2.4887741,2.5050322,2.3959841,2.540501,2.3247686,2.5682448,2.3528487,2.2429892,2.5156142,2.3835985,2.4270653,2.3458965,2.2803147,2.3983552,2.2810463,2.4646124,2.36565,nan
3,4724,988423,66,67756,2.4876893,1.7013876,1.6780106,1.506706,1.5463957,1.6185629,1.4381921,1.4781677,1.4931599,1.4063706,1.4513333,1.4857561,1.5029119,1.5428921,1.4360547,1.4215007,1.4957904,1.5135275,1.4863937,1.5536238,1.5045723,1.557764,1.4590284,1.574866,1.4869132,1.5253537,1.503487,1.5302085,1.4046969,1.5039651,nan
3,4731,1846487,96,87013,10.4220106,7.4634515,7.033364,7.2682911,6.6073353,7.0199372,6.2418732,6.7216927,6.231472,6.407772,6.3315765,6.3321645,6.3085387,6.5501525,7.1291398,6.5225615,6.6038654,6.2605105,6.7558903,6.132336,6.556794,6.685062,5.7077478,6.5244339,5.7199215,5.7879378,6.1549665,6.0890276,6.1304655,6.2199167,nan
3,4732,1779888,20,379441,3.0613796,2.4697083,2.4450538,2.2947131,2.2935284,2.0635716,2.2675251,2.0803984,2.1828587,2.0738876,2.1102422,2.0784543,2.1741502,2.2240528,2.0266047,2.237957,2.0189201,2.0975243,2.0339967,1.991171,2.1614381,2.0089164,2.1937517,2.0091303,2.133105,1.9464783,2.1294889,2.1058246,2.1349335,2.2058399,nan
3,4734,696266,55,57286,1.6471792,1.155965,1.0834638,1.0691707,1.0247097,1.0417933,1.0519035,1.0459919,0.9918669,0.9915244,1.0176531,1.0701478,1.028729,1.0070854,0.9635593,1.0275319,0.9882811,0.917988,0.9923337,0.9503033,1.0107441,0.982988,0.9534333,0.9428331,0.9684461,0.9210257,0.9430619,0.9764509,0.97788,0.9302222,nan
3,4756,735461,26,125533,2.5803324,1.9428214,1.7562912,1.7069088,1.7769446,1.7995141,1.6908814,1.6606918,1.6965223,1.6203165,1.731721,1.7427005,1.6223257,1.7793889,1.7144768,1.5637056,1.7287168,1.6417879,1.6349164,1.743001,1.633803,1.5248461,1.6626021,1.6423404,1.5488493,1.7082914,1.6338966,1.6756263,1.7083728,1.6438431,nan
3,4756,804181,37,97414,3.2445261,2.0226615,2.224528,1.9596396,2.0675847,2.0809188,1.9298374,2.0030913,1.9830594,1.9995173,1.6769739,2.0813093,2.0007693,1.9535351,2.015039,1.8650497,2.046788,1.9364639,1.9716974,1.9998266,1.9805108,1.9571768,2.0398493,2.0879928,1.9220394,1.8647056,1.9622336,1.9266494,1.9781302,1.920362,nan
3,476,781936,19,175972,0.942058,0.9010628,0.8007917,0.8836256,0.8218887,0.7475413,0.7771198,0.75189,0.7513403,0.7373437,0.7482354,0.769087,0.7357073,0.7064807,0.7921343,0.8192599,0.8289851,0.7409441,0.749136,0.7154818,0.7459101,0.7679228,0.7450518,0.7788875,0.781588,0.7595575,0.7711949,0.7119545,0.7925311,0.7443567,nan
3,4768,1795412,49,163780,7.5747933,5.3439525,4.8746277,4.7314986,4.7906372,4.7581939,4.5592323,4.650222,4.6171672,4.7148459,4.5830131,4.7889361,4.4452705,4.5085284,4.4639452,4.6257335,4.5818927,4.7301379,4.4412602,4.5988627,4.7575834,4.6119051,4.7178965,4.5900172,4.7261856,4.4834654,4.6931147,4.3675741,4.5136283,4.7475333,nan
3,477,36335,16,10213,0.0303212,0.0282619,0.0267475,0.0270013,0.0284605,0.0298596,0.0297127,0.0281092,0.0277043,0.0268334,0.0271961,0.0281805,0.0342692,0.0291332,0.0266446,0.0265006,0.0269332,0.029611,0.0296154,0.0283026,0.0263032,0.0253453,0.0256571,0.0310136,0.0301383,0.0287842,0.0277237,0.0271872,0.0267766,0.0297259,nan
3,4816,1333020,55,108805,6.2677126,4.2014586,4.1485246,3.6824863,3.7261323,3.9596102,3.6323108,3.7219944,3.6081706,3.6455476,3.7838813,3.735087,3.5597944,3.6463249,3.7887029,3.478484,3.7013672,3.4852702,3.46669,3.5878134,3.8334865,3.4453986,3.4868041,3.6826793,3.5255033,3.5984085,3.4184115,3.4926159,3.6165082,3.5182749,nan
3,4816,604771,43,63313,2.6437086,1.8445277,1.6134091,1.876106,1.8498156,1.6011496,1.5713247,1.5849729,1.5688204,1.4859652,1.5185379,1.3398665,1.4785811,1.5252383,1.5662709,1.5634167,1.4883971,1.5364698,1.426288,1.5260172,1.4555275,1.4342017,1.4315306,1.4535777,1.3788247,1.5803989,1.4361319,1.469569,1.4724933,1.4584815,nan
3,4830,694119,80,39268,3.4397266,2.389099,2.3343416,2.3873346,2.3466427,2.3325778,2.3778869,2.2659516,2.3685381,2.3142493,2.1747239,2.3328631,2.1561325,2.3073514,2.1186161,2.3299544,2.2468876,2.1189313,2.3571949,2.1368891,2.0931046,2.2597078,2.301035,2.1558597,2.2737639,2.223315,2.0774094,2.2694882,2.1715213,2.097093,nan
3,4831,1535508,50,137680,6.639125,4.6246287,4.3134609,4.2159242,4.0090207,4.0506867,3.9542004,3.9740607,3.9695336,3.9747674,3.8516099,4.0015109,4.0892207,3.8410815,3.8647733,4.0641849,3.9449774,4.0803694,4.1686193,4.0719305,4.0570494,3.8397886,3.7775598,3.7541998,3.7554566,3.9568716,3.9361928,4.121995,4.1274224,4.0610098,nan
3,4836,1739639,34,227164,3.121606,2.4470312,2.2631374,2.1867548,2.2928037,2.246305,2.2172418,2.2633086,2.1570537,2.1764174,2.1290584,2.2375713,2.2505612,2.1498526,2.1795993,2.1531468,2.160351,2.0498914,2.0311408,2.2197192,2.1592515,2.1265611,2.0191814,2.1922186,2.1619647,2.3029434,2.1581057,2.2143781,2.2222216,2.2449068,nan
3,4839,1636874,50,146716,7.2097794,5.1393817,4.9255288,4.4055673,4.502455,4.2856759,4.3273388,4.5980208,4.3016693,4.4629682,4.3592033,4.2495554,4.4563059,4.3749024,4.189599,4.5179496,4.3199162,4.2685421,4.1456947,4.5293675,4.0556433,4.2675123,4.207934,4.249106,4.2712465,4.491204,4.1349793,4.0587014,4.231827,4.430473,nan
3,4857,712704,19,165550,1.2509228,0.9477499,0.9353674,0.8385822,0.8896015,0.830487,0.9252286,0.8216907,0.9120692,0.8525394,0.8974597,0.8590919,0.9089188,0.9005026,0.8361033,0.8820606,0.8781839,0.8156724,0.9040709,0.8400096,0.8668283,0.8728191,0.8374841,0.8978249,0.8573893,0.8138733,0.8577046,0.8523817,0.877094,0.864582,nan
3,4863,1518442,86,79627,8.3854275,5.601993,5.2636113,5.1996339,5.0207777,5.0942292,5.1632674,5.0898795,5.0827315,5.1077626,4.9704907,4.9225293,4.8238857,4.9839155,5.1455017,4.9784833,5.1518825,4.4898664,4.7823608,4.6976898,4.8832045,5.1272476,5.2377614,4.8272955,4.783886,4.8754652,4.9431212,4.8418656,4.6677067,4.7880751,nan
3,4864,284284,51,25315,1.4149571,0.8075031,0.8713294,0.8108584,0.8216578,0.8049097,0.7825366,0.8726261,0.8194791,0.8307717,0.7811846,0.821356,0.8421582,0.786031,0.7050545,0.7864465,0.8170041,0.7397672,0.7866314,0.7711137,0.8106884,0.7317047,0.7798459,0.7925913,0.7385927,0.8036686,0.7161867,0.7721291,0.7615694,0.8004938,nan
3,487,1572357,15,446809,1.4922139,1.5225039,1.349947,1.3382693,1.393289,1.2959302,1.3134239,1.2234714,1.1986922,1.3115211,1.2897296,1.2622355,1.2207139,1.2805114,1.2609254,1.3129631,1.3133347,1.2473663,1.3572611,1.3410011,1.3241756,1.2988934,1.2863327,1.2537091,1.2688974,1.2550556,1.2954571,1.3688556,1.2425247,1.2293102,nan
3,4875,642300,27,106027,1.2120677,0.8821772,0.8834078,0.8681017,0.8446593,0.8134398,0.7746089,0.8086898,0.8252333,0.8148229,0.7302922,0.8381204,0.8464166,0.7884311,0.7720268,0.8053747,0.8424623,0.8039881,0.8002608,0.7700971,0.7818805,0.8019513,0.7791849,0.8242181,0.7671844,0.8185942,0.7492419,0.7930275,0.7571233,0.8037756,nan
3,4880,316378,13,106390,1.1344894,0.8512465,0.8326141,0.8365612,0.8297925,0.831692,0.8354815,0.8136038,0.8371028,0.8249601,0.7563084,0.8304448,0.7989453,0.8109508,0.8202707,0.81566,0.820393,0.7396006,0.8070231,0.8148315,0.7976919,0.7991774,0.8057321,0.7859679,0.7753209,0.8017521,0.8278002,0.7627386,0.7996873,0.8130872,nan
3,4890,1109501,13,369466,1.9321006,1.6546918,1.4422496,1.3993186,1.3744214,1.3259462,1.3740337,1.392451,1.3603971,1.4024093,1.4741311,1.4210562,1.4108858,1.4121168,1.3610548,1.4890384,1.3345818,1.3574274,1.3391928,1.3744417,1.2858321,1.3390345,1.3471176,1.4357423,1.3419869,1.4438536,1.5244065,1.4181907,1.3526786,1.3720815,nan
3,4908,1688082,16,447766,4.8707453,4.3299623,3.8442324,3.9102595,3.7336425,3.8206315,3.7966414,3.7261317,3.7599038,3.7087572,3.658321,3.6268013,3.6215095,3.8610628,3.9891899,3.6620423,3.7410262,3.7926473,3.4834779,3.6764505,3.6479662,3.5265018,3.6768786,3.7774665,3.6742901,3.6058192,3.9083415,3.6004078,3.6688197,3.7569064,nan
3,4911,604948,63,43393,3.0032702,2.0316979,1.9142886,1.8156041,1.8122854,1.8542586,1.8387836,1.8223206,1.7387469,1.7952785,1.7969645,1.8970579,1.7306636,1.7375969,1.8412067,1.7748562,1.8247355,1.8332758,1.7842725,1.6134175,1.6866748,1.8239102,1.8263408,1.8571176,1.7988615,1.6450917,1.7350605,1.7097262,1.7798293,1.7615312,nan
3,4939,1432072,87,74539,7.4513781,5.06192,5.0831592,4.7244748,4.4169124,5.2556312,4.9129433,4.7129719,4.8041305,5.1631744,4.6529879,4.3271816,4.5865185,5.0012534,4.585441,4.3995243,4.4349333,4.624381,4.5190068,4.7972516,4.6302275,4.4085853,4.4280071,4.5258368,4.5593787,4.5256046,4.6044203,4.8949767,4.6090719,4.8121388,nan
3,4941,98736,90,5050,0.7728078,0.430802,0.3883694,0.4317253,0.4004208,0.3898892,0.380359,0.3690579,0.3782776,0.3588768,0.3854055,0.3874401,0.3955825,0.365737,0.3563094,0.3993353,0.361454,0.3678843,0.3736482,0.392692,0.3762571,0.3632891,0.3792998,0.3893536,0.3871023,0.3462865,0.3902075,0.3661367,0.3765226,0.3710743,nan
3,4987,1456690,95,69583,9.7557194,5.6917254,5.3572358,5.754378,5.5532054,5.7083871,5.2925154,5.4531093,5.1514163,5.2664422,5.0133705,5.000203,5.1383999,4.670979,5.0577663,5.5852757,5.051582,4.9036568,5.0448403,4.7457366,5.2244401,5.1312016,5.2323857,4.7823082,5.0372626,4.7733765,4.6854032,5.0365167,4.6705824,5.155184,nan
3,4989,1339564,11,513613,2.3363363,2.0571989,1.962658,1.8951588,1.7410657,1.6920609,1.6965782,1.7036237,1.7166982,1.8258657,1.9540591,1.6641053,1.7472302,1.7201406,1.7863607,1.6456246,1.7397012,1.6959143,1.6736007,1.8165181,1.6827463,1.815925,1.8112656,1.7678713,1.832126,1.6841796,1.7933641,1.6650067,1.6305119,1.7930635,nan
3,499,1093818,44,111580,1.6062416,1.6218578,1.5065211,1.6038276,1.3736094,1.5018251,1.4628577,1.3733406,1.4485308,1.4743119,1.5387346,1.4507551,1.4537107,1.4863003,1.4144941,1.5034286,1.5198558,1.5166956,1.3472368,1.4160503,1.439177,1.5630868,1.4764873,1.5530904,1.4842038,1.4544201,1.5694862,1.5143748,1.5470067,1.5322017,nan
3,5007,628642,23,121375,1.1902175,0.8944448,0.7819442,0.797671,0.8455134,0.7689627,0.7456315,0.7533761,0.7822436,0.8283692,0.7888005,0.7269798,0.7837964,0.747982,0.8172714,0.7212149,0.7635719,0.7598963,0.8019048,0.7441835,0.7702421,0.7798981,0.7660958,0.778711,0.7457088,0.7584845,0.7664323,0.7526498,0.7709649,0.7908368,nan
3,5023,137432,31,20149,0.6557043,0.4075067,0.4065531,0.3895124,0.3933293,0.3986693,0.4170075,0.3886309,0.3859385,0.3922638,0.3723553,0.3896899,0.3837875,0.3833051,0.4004053,0.3285916,0.3854072,0.4367096,0.3706848,0.3751682,0.3851797,0.3720137,0.3498107,0.3764523,0.3764302,0.3643789,0.3611779,0.3609798,0.3806229,0.3599623,nan
3,5037,1277937,79,73027,6.2510257,4.5825065,4.2785662,4.2569432,4.3739345,4.0183162,3.9479972,4.0921849,4.2632501,4.1976502,4.1780626,3.9000217,4.0506544,4.3097482,4.3024022,3.9141608,4.092946,4.0541751,4.2908968,4.1417994,4.270614,4.2497437,4.1026245,4.0559195,4.0894984,4.2169136,3.7692461,4.0437591,4.0665922,4.1040598,nan
3,504,606801,21,128110,0.7963552,0.6201831,0.6413493,0.6913924,0.6438034,0.6162903,0.6441839,0.62945,0.6347709,0.62775,0.5829888,0.6265861,0.5598787,0.6049872,0.6444084,0.6162444,0.6311592,0.5429035,0.6204165,0.6162341,0.6153044,0.6165323,0.5988101,0.5432374,0.6386624,0.6106199,0.6025276,0.6464316,0.5910875,0.6252905,nan
3,5048,1725694,14,510577,5.2649103,4.8521781,4.2228735,3.9155002,3.6857686,3.8916454,3.8819589,3.8933312,3.8742644,3.7837753,3.7029484,3.7458336,3.821388,3.7604945,3.7836026,3.6631494,3.8773383,3.7602914,3.8781786,3.9663334,3.7872159,3.9316531,3.6893071,3.6823848,3.6369371,3.9926959,3.6843361,3.6724719,3.7621816,4.0208016,nan
3,5051,1282503,57,101434,5.762917,4.1049008,3.6967159,3.8512504,3.6900456,3.7373234,3.6487341,3.5962218,3.386751,3.7080834,3.5896629,3.7533295,3.6067217,3.6898168,3.6411386,3.6639012,3.5345911,3.4454081,3.5461596,3.7163955,3.4488292,3.6283451,3.4743746,3.5256169,3.4150519,3.5060329,3.5661547,3.4059989,3.3340033,3.4365475,nan
3,5051,383838,68,25900,2.1811024,1.3278204,1.3052529,1.2426162,1.3537546,1.2951962,1.2264209,1.1843602,1.2009528,1.1998104,1.2353877,1.1973807,1.2265428,1.1395451,1.1908928,1.1866104,1.2029254,1.167862,1.2179231,1.1515331,1.1723134,1.1353479,1.1385318,1.1725365,1.1569483,1.123215,1.229148,1.2613669,1.1135541,1.2547655,nan
3,5052,1719851,55,140395,7.6001096,5.438518,4.9634124,4.8911223,5.1472851,5.0760036,4.807386,4.834848,4.7227462,4.9503284,4.4781229,4.7253852,4.5007654,4.7294776,4.8698431,4.6282131,4.6794067,4.6406447,4.582435,4.6530555,4.5252628,5.0609051,4.7481343,4.4539079,4.6071312,4.6902308,4.5413091,4.5836835,4.7303591,4.653039,nan
3,506,137788,71,8971,0.2888239,0.2728336,0.2603668,0.2621804,0.3062779,0.2406928,0.2448104,0.2637341,0.2630423,0.2129902,0.2480454,0.2363279,0.2351304,0.2195919,0.2432631,0.2319617,0.2535669,0.2825832,0.2457057,0.2404183,0.2618244,0.2556644,0.2584852,0.2367815,0.2276156,0.2495916,0.2611746,0.2493839,0.2587507,0.2423537,nan
3,5076,1669707,37,201127,6.6053786,4.5443328,4.3732757,4.348032,4.2199163,4.4131354,4.2167397,4.26303,4.1989989,4.017173,4.1229141,4.0892215,4.1809879,4.0301975,4.0571878,3.9762196,4.0772082,4.3027691,3.9766683,4.007707,3.7997001,4.2425724,4.0230126,3.944992,3.9770425,4.2091102,4.0680465,4.1272004,4.2638141,3.8658045,nan
3,5092,204420,47,19957,0.5047183,0.3329565,0.3307653,0.3283083,0.3228102,0.318192,0.3192746,0.3257837,0.3167628,0.2749229,0.2842661,0.3051353,0.3024252,0.2954519,0.3024839,0.2898498,0.2933581,0.2936835,0.2961441,0.293643,0.2938289,0.2967266,0.2971257,0.3051115,0.2971961,0.2965796,0.2952185,0.2937747,0.2999252,0.2991986,nan
3,5095,735720,18,178867,2.5235102,1.9896818,1.7263211,1.8182908,1.764864,1.8581314,1.7126807,1.8384713,1.7896756,1.8226683,1.7189433,1.7762447,1.770653,1.6977105,1.6795299,1.7708268,1.7491142,1.8140039,1.6084453,1.6288174,1.7274966,1.6901503,1.6887097,1.6052367,1.6797339,1.6381379,1.7195277,1.5826681,1.7005562,1.5803071,nan
3,5100,1807460,75,108583,8.1886971,6.8311476,5.8601329,5.7772209,5.8737029,5.802797,5.695742,6.1692388,5.8181357,5.5216003,5.495495,5.5817984,5.6495626,5.8890725,5.5811435,5.3147948,5.5629381,5.3375793,5.3241288,5.6184399,6.1904015,5.4562931,5.3174304,5.6416701,5.9280678,5.4946775,5.4273511,5.5788938,5.4659583,5.6126391,nan
3,5109,177026,57,14176,1.0081434,0.5903472,0.5985972,0.5723746,0.5689685,0.5855756,0.5385245,0.5515477,0.5932533,0.5548261,0.5683594,0.5815618,0.5531851,0.5561793,0.5604854,0.563013,0.5435146,0.544292,0.5493966,0.5455948,0.5534049,0.5050736,0.5321093,0.510526,0.5454278,0.5364179,0.5439793,0.528453,0.534555,0.5173873,nan
3,5123,990216,74,60406,5.171941,3.2913365,3.5087616,3.2053771,3.1223289,3.1542769,3.0466786,3.0346849,2.8972544,3.0620447,3.0156327,2.9011294,2.8829412,3.137277,2.9932693,3.0218776,2.9461265,3.002645,3.1057665,2.9790673,2.9440506,3.157096,2.8175369,2.939919,3.0704417,2.931973,3.1471139,2.811858,3.0682729,2.9627328,nan
3,5132,1195235,36,148438,4.7434347,3.6355628,3.2138893,3.1855342,3.2150746,2.898665,2.9537966,3.074649,2.9180067,3.0662369,3.1024151,2.8799703,3.1421864,2.8417999,3.0438641,3.1675669,3.0411045,3.0240253,2.9872447,2.8835336,3.0919193,2.8840344,3.0484495,3.0218584,2.8348318,3.0809243,2.7501265,2.9533005,2.7826587,2.8305091,nan
3,5142,608469,49,55834,2.92409,1.8155821,1.8099507,1.7556554,1.7005959,1.8044504,1.7791733,1.7275718,1.6823748,1.583488,1.7728977,1.7050645,1.6381397,1.6629608,1.6719259,1.6982958,1.6820281,1.6794748,1.7134547,1.5143582,1.5737478,1.6584118,1.7504694,1.5933739,1.6904718,1.5965199,1.6576959,1.5704768,1.6853664,1.5517333,nan
3,5150,1874990,50,167980,7.8643754,5.3735839,5.4904646,5.3195667,5.2933514,5.084989,5.0124416,5.1130111,5.0100867,4.9369081,4.9637674,4.9624787,5.0526586,5.2009897,5.2583651,5.1963515,4.9487125,4.9753716,4.958716,4.7895457,5.0217769,4.9447099,4.7573661,5.0668808,4.9661196,4.7704863,4.8454501,4.9367867,4.9194787,5.0698871,nan
3,5162,1233557,89,62728,7.0465055,4.6910728,4.4382501,4.5844443,4.5655896,4.7022348,4.3662175,4.40285,4.1704312,4.3286237,4.2463828,4.0059478,4.4374358,4.0343133,4.1378336,4.1429964,3.9918319,4.2817007,4.2976415,4.0359932,4.4336677,4.4500778,4.0849324,4.0342996,4.4127436,4.283904,4.1560301,4.2583375,4.084523,4.2510486,nan
3,5173,1789473,62,129475,8.4895234,6.3624672,5.5293791,5.8198252,5.5479622,5.4611418,5.1728174,5.3102485,5.6669622,4.9114634,5.4341025,5.0598999,5.1194427,5.5223901,4.9733962,5.4123406,4.9560167,5.1778674,5.1410956,5.1938307,5.3935497,4.9846784,4.9816679,5.4062777,5.183559,4.99443,5.1784822,5.2028843,5.0816218,5.372322,nan
3,5181,1685679,39,192709,3.4033276,2.6647233,2.307657,2.1848532,2.4163218,2.3060989,2.2860482,2.2219731,2.1676096,2.1628268,2.2259726,2.3119549,2.1234531,2.1635386,2.1717951,2.3656179,2.8061207,2.3686168,2.2263012,2.171194,2.2249408,2.0840064,2.2596532,2.1799359,2.0715685,2.1706654,2.0789088,2.2267562,2.1177781,2.2017557,nan
3,5181,190971,62,14113,1.0244344,0.5850787,0.5563437,0.6171904,0.6300899,0.634673,0.6059612,0.6121004,0.5743816,0.6003739,0.4177487,0.5872022,0.5764472,0.6019923,0.56525,0.581997,0.6169,0.5586809,0.564412,0.5882095,0.5680179,0.5140974,0.5717787,0.5718097,0.5899352,0.613921,0.5966762,0.6019037,0.5891796,0.6284482,nan
3,5200,295384,19,69046,0.5753393,0.431316,0.3940903,0.3826983,0.3783314,0.3864822,0.3761063,0.3863094,0.3917275,0.3580901,0.3860448,0.3623925,0.3933227,0.3528398,0.3778868,0.3671617,0.3741293,0.3573758,0.3885005,0.3947918,0.3869354,0.3947892,0.3874681,0.3931015,0.3569867,0.3853729,0.3850807,0.3853328,0.3820652,0.3763957,nan
3,5209,809720,18,195517,2.6031904,2.1198848,1.9095629,1.9218734,1.8893617,1.8508271,1.9152516,1.8956327,1.8992261,1.8411,1.8799481,1.8397029,1.9008336,1.8935063,1.7936127,1.836732,1.8324106,1.9403232,1.8875202,1.9512665,1.988489,1.9493073,1.9707137,1.9656294,1.9219365,1.887776,1.9626232,1.8278157,1.9836744,1.8391878,nan
3,5218,1865214,13,597256,5.9186613,4.9612941,4.6596248,4.276915,4.4275566,4.2382698,4.5130547,4.1612543,4.2397095,4.0959124,4.2993667,4.3183583,4.0825961,4.1851321,4.1014022,3.8910814,4.0600883,4.0480501,3.9821208,4.2625983,4.2272471,4.2167061,4.1869428,4.1827311,4.3482006,4.0376917,3.8782663,4.2403939,4.2181439,4.0470903,nan
3,5221,1553216,91,77497,9.4503559,6.4615187,6.0156009,5.7046574,5.9903326,5.5523325,5.7546757,5.409702,5.2798046,5.3983425,5.5296255,5.5490564,5.4420246,5.1210667,5.2322227,5.1175323,5.3952374,5.3174911,5.0186275,5.4391047,5.021475,5.162411,5.4055717,5.0615473,4.9884189,5.2251054,5.2241983,5.1031101,5.0003979,5.2069343,nan
3,5230,901525,45,90256,3.8907041,2.5810254,2.6566478,2.6930918,2.6989443,2.5915002,2.5287019,2.5121746,2.5130221,2.4568656,2.4968129,2.5198995,2.3608175,2.4949131,2.2895347,2.5567218,2.4480364,2.5253314,2.4458126,2.5610938,2.4902841,2.2413115,2.4128485,2.4616053,2.4217587,2.3939458,2.2856333,2.3685235,2.380424,2.3262315,nan
3,5237,510058,63,36733,2.6038799,1.8394815,1.7058546,1.6789746,1.7142095,1.7985135,1.517148,1.7411855,1.5595565,1.5675506,1.5856173,1.671506,1.5315276,1.5041349,1.5833812,1.5125565,1.5417843,1.5592246,1.443429,1.5955932,1.6024788,1.5094903,1.6165651,1.5021846,1.5228524,1.6745218,1.4815559,1.5413112,1.4929207,1.5134512,nan
3,5264,810704,56,65263,3.7925293,2.3959476,2.4472803,2.3761631,2.29152,2.3483721,2.2039212,2.2469651,2.2256505,2.1892642,2.3855583,2.2557465,2.3440906,2.2793131,1.9311663,2.3945245,2.1312103,2.3525286,2.337619,2.3110229,2.1314536,2.2595965,2.240634,2.3355525,2.1355437,2.1842734,2.1831964,2.3182458,2.2106507,2.1541877,nan
3,5276,1787374,77,104488,8.8281658,6.6873056,6.2748866,6.0801523,5.6139847,5.9073764,6.1478684,5.4211613,5.7508452,5.8185692,5.7391926,6.4631571,5.483455,5.4821209,5.4905694,5.5551714,5.2784347,5.8627764,5.5840027,5.4316828,5.3493176,5.4720336,5.4060889,5.4691082,5.3550014,5.3469852,5.4147312,5.3778295,5.7524918,5.5039981,nan
3,5277,1106297,30,164737,4.1287079,2.8158227,2.6883611,2.6681273,2.6820025,2.7303677,2.6630836,2.6105509,2.6490092,2.626827,2.6242122,2.6124528,2.743328,2.6886881,2.5463397,2.7249098,2.7017672,2.5332102,2.6600993,2.6619895,2.6020698,2.666251,2.6652869,2.5998966,2.5656462,2.4861318,2.7207334,2.798322,2.6784643,2.5227148,nan
3,5283,1521032,89,77290,4.3197923,3.049459,2.9191177,2.7859598,2.8064855,2.6598514,2.8264702,2.622515,2.6963779,2.8463489,2.6152128,2.7060916,2.52177,2.6903557,2.7515802,2.726793,2.6423619,2.6495916,2.6928372,2.5708935,2.583163,2.579356,2.522715,2.7748791,2.6196847,2.6805716,2.4865995,2.6985255,2.6536637,2.5020194,nan
3,5314,947397,33,127912,3.4490795,2.6010028,2.454707,2.6106453,2.4615989,2.4301176,2.3149241,2.4130473,2.2745125,2.3111794,2.4385349,2.3483724,2.3305141,2.3981303,2.3059941,2.3299746,2.4138336,2.1637127,2.3216683,2.3281357,2.2798933,2.3706281,2.3206668,2.2125002,2.3127452,2.219886,2.3735988,2.2973654,2.3058774,2.3372916,nan
3,5338,1827824,46,177418,7.4448212,5.3410846,5.1254114,5.2123945,4.9471844,4.824092,4.8941094,5.035129,4.8533483,4.9749353,4.6475763,4.7026005,5.0341299,4.5049206,4.6359063,4.5222143,4.7023352,4.7559395,4.8210328,4.7598785,4.5982359,4.799946,4.7874132,4.9081208,4.5133726,4.6508582,4.5910873,4.7164069,4.9898843,4.5421046,nan
3,5338,1892696,38,221089,7.5511063,4.9896154,5.0152558,4.8641539,4.6788961,4.7016746,4.6970343,4.6712688,4.6012553,4.5734659,4.8329667,4.9980637,4.6097683,4.6748627,4.7356775,4.5342641,4.621533,4.5044058,4.8398017,4.7380177,4.7019343,4.3906127,4.5546128,4.5305795,4.838999,4.402385,4.7074178,4.3595576,4.3921338,4.7373161,nan
3,535,443455,18,107845,0.5741536,0.5490373,0.4946019,0.4690515,0.4783533,0.4734709,0.4836524,0.4419305,0.5123079,0.460893,0.4865507,0.4780762,0.4891631,0.4523382,0.4437727,0.4694215,0.4600381,0.4574063,0.4696893,0.4629494,0.4655422,0.4667329,0.4629383,0.4468666,0.4401381,0.4778138,0.4680846,0.449001,0.4438594,0.4459565,nan
3,5364,1145823,11,445120,3.6463898,3.1603584,2.8363437,2.8204653,2.8301044,2.8117218,2.8777446,2.8350437,2.7532853,2.5876193,2.7562632,2.6898569,2.7393882,2.7063454,2.6640043,2.6550406,2.6748911,2.6475893,2.8004435,2.9257391,2.9022756,2.7788822,2.8545701,2.6212985,2.8034303,2.7139631,2.9191866,2.70478,2.7382725,2.8474388,nan
3,5377,952736,85,51004,5.8066428,3.6541522,3.4637028,3.3897058,3.3583833,3.2662036,3.340194,3.3853351,3.4198054,3.141957,3.3408614,3.0493798,3.1409685,3.3034982,3.3907535,3.1951129,3.3108763,3.3375761,3.1074401,3.2142167,3.4772163,3.2451084,3.3899676,3.2866072,3.1306399,3.366157,3.3125055,3.2323863,3.1342916,3.3344868,nan
3,5377,956630,38,112246,3.8530358,2.6560984,2.7337344,2.6401119,2.4384633,2.3930981,2.5337361,2.469314,2.4676368,2.3332372,2.4863653,2.53412,2.5953292,2.4318734,2.4874013,2.5075946,2.3733413,2.4587067,2.4246238,2.5325652,2.4987937,2.4861525,2.5241124,2.5237092,2.3580418,2.4695737,2.5253155,2.4060585,2.5225781,2.4436505,nan
3,5384,124881,84,6910,0.8755374,0.526628,0.4183412,0.4601863,0.4833666,0.4765092,0.4995487,0.4828624,0.4824791,0.492745,0.4395166,0.4658961,0.4816872,0.4869601,0.4764401,0.4866749,0.5168172,0.4604936,0.475634,0.4960967,0.4609114,0.482786,0.4671565,0.4593074,0.4902268,0.4659338,0.4040791,0.4468463,0.4811516,0.4865331,nan
3,5386,1242156,61,91585,5.8496059,4.2796432,3.644883,3.9754435,3.7685466,3.7272914,3.6873107,3.7567732,3.5225704,3.7890605,3.4531889,3.8248854,3.6128288,3.5804669,3.6600236,3.5589759,3.7032233,3.7135991,3.4930161,3.3523159,3.4860019,3.6594488,3.3290919,3.7846865,3.3323523,3.6669688,3.5147448,3.4951151,3.6615112,3.4482792,nan
3,5386,1517265,71,96235,8.4938774,6.0739078,5.6726083,4.8042676,4.8654629,4.7933025,5.2130701,4.7356222,4.8541443,5.0130425,4.5520092,4.8294937,4.719844,4.5742769,4.7482083,4.7074041,4.6191915,4.9292611,4.7544261,4.9021032,4.5222322,5.067917,4.6405748,4.6639424,4.8159399,4.4281381,4.6062538,4.478554,4.369195,4.9749602,nan
3,5395,849306,95,40801,5.1900406,3.4896523,3.4314426,3.313508,3.3529598,3.194478,2.9405973,3.1756295,2.9115662,2.997212,3.2299885,3.2743512,3.2178836,3.2978112,2.9819085,3.093124,3.112261,3.0210201,3.106121,3.2128895,3.0788939,3.1602757,3.0615791,3.3407357,2.9217821,2.9262312,3.0123862,3.1780348,2.801573,3.0636144,nan
3,5421,414688,42,44563,1.8324198,1.286393,1.2860216,1.0857589,1.142282,1.1552817,1.171207,1.116248,1.1141853,1.1359243,1.1255576,1.163414,1.1225342,1.0364465,1.1372646,1.0936377,1.0715578,1.1430206,1.1535998,1.0879288,1.0971544,1.1144848,1.1129263,1.1624941,1.1004946,1.035454,1.1205589,1.1443866,1.105323,1.135539,nan
3,5421,88531,85,4831,0.6984509,0.3808311,0.3968195,0.3636129,0.3597335,0.3663306,0.3570336,0.3631768,0.4067035,0.3800254,0.3845426,0.3763952,0.3970766,0.3466613,0.3501257,0.3591391,0.3604161,0.4424708,0.3624287,0.344232,0.3561036,0.353382,0.3808541,0.36635,0.3747171,0.3651694,0.3685308,0.277048,0.3934007,0.353186,nan
3,5422,937411,53,79465,4.207708,2.8756537,2.7823001,2.7717698,2.6901405,2.4885669,2.8134223,2.6505665,2.6750353,2.6002216,2.8981564,2.6161593,2.8111241,2.533211,2.4056781,2.5705706,2.5115526,2.6245716,2.584437,2.6627893,2.4757624,2.5587267,2.5338759,2.5908691,2.6734472,2.5729574,2.5715797,2.5113756,2.6285551,2.5310534,nan
3,5425,1964561,98,90592,11.4015615,7.6967391,8.2707303,7.182133,7.6048298,7.4244115,7.0583911,7.0019007,7.0799439,7.2334634,7.1876557,7.1872014,7.1009434,7.2193753,7.0740505,6.8728887,7.294114,6.7735667,7.2006314,6.9517461,6.8666556,7.3138509,7.179207,7.0283166,7.1414074,7.1571032,6.9672891,7.0372335,6.5547001,6.6257066,nan
3,5428,267096,19,62662,1.122435,0.8205022,0.8265005,0.801855,0.7972252,0.6824103,0.7047296,0.6734163,0.6882384,0.6834667,0.691539,0.7057323,0.678786,0.6846121,0.6657446,0.5776378,0.6858655,0.6662275,0.700687,0.7121737,0.6532235,0.6869901,0.6813258,0.6835308,0.6473076,0.6497003,0.6589335,0.6692459,0.6881179,0.6507939,nan
3,5432,426943,41,47023,1.8758109,1.3100166,1.1575405,1.2117211,1.2584997,1.1883988,1.2178593,1.2330172,1.1659211,1.1269238,1.0697116,1.1072768,1.1384607,1.1267404,1.1275325,1.1940737,1.1324219,1.1066202,1.109441,1.0548003,1.0909171,1.1703132,1.1720651,1.116424,1.1224176,1.1371819,1.1583566,1.0733939,1.1304805,1.0586692,nan
3,5433,1231867,63,88165,6.3635192,4.5628478,4.2525226,3.8541079,3.8591133,3.8321888,3.7991278,3.6762035,3.795746,3.7013531,3.7283942,3.633216,3.618474,3.7014368,3.6915907,3.7405089,3.8866393,3.5740012,3.5518958,3.8238601,3.5232248,3.6700697,3.6002502,3.8299241,3.5147344,3.4638736,3.529233,3.4774667,3.5858598,3.4949382,nan
3,5433,99174,95,4951,0.7693698,0.457302,0.3768319,0.4121401,0.3884711,0.3897495,0.4049479,0.3855713,0.387637,0.4118594,0.3877239,0.3809889,0.3849287,0.3964094,0.377131,0.4037638,0.376976,0.4055831,0.3941052,0.3866431,0.3897577,0.4092445,0.3860589,0.3897222,0.3883034,0.414349,0.3865516,0.3910286,0.3813254,0.3905849,nan
3,5439,469404,30,69742,1.8694878,1.3344365,1.1962556,1.2901949,1.2374772,1.4518738,1.3333989,1.255949,1.2215532,1.1784604,1.1538851,1.231929,1.1861503,1.1770565,1.2085738,1.1830231,1.2336476,1.1305598,1.1546933,1.2266314,1.1778976,1.0890784,1.1773178,1.1587678,1.2039761,1.1678064,1.1650436,1.2093992,1.1526168,1.1686504,nan
3,5473,1691546,98,78199,10.4202682,6.7897996,6.7662932,6.9798616,6.3567693,6.3491021,6.4346642,6.4968636,6.5975957,6.093675,6.2564125,6.8448762,6.0190399,5.9065403,6.4088159,6.398081,6.1453271,6.5807978,6.4573366,6.2759703,6.4273317,5.9742481,6.3529698,6.5352162,6.1859349,6.3339744,6.3067685,6.1969027,6.2447399,5.8510588,nan
3,5475,281825,100,12979,1.8750238,1.2234035,1.1528793,1.1334433,1.1034547,1.0714169,1.1356411,0.9890794,1.1101735,0.9781228,1.0815565,1.0273395,1.0767767,1.0178238,1.0353936,1.0290026,1.040146,1.0526477,0.9897423,1.0150576,1.0810148,1.0188429,0.9668786,1.0247693,1.0154233,1.0683638,1.0793456,1.1611359,1.0725522,1.0477493,nan
3,5475,917198,13,292459,3.0611808,2.4732159,2.3606262,2.3159024,2.321607,2.2210599,2.2533908,2.1905368,2.3026162,2.0295845,2.1587944,2.333484,1.9915217,2.3224993,2.2675058,2.1078252,2.2868373,2.237137,2.2060796,2.2426808,2.007911,2.0690788,2.1319776,2.0518596,2.2234148,2.1706814,2.1270829,2.0957355,2.0310353,2.1958292,nan
3,5488,940008,31,134980,3.4894193,2.5079935,2.3544282,2.456499,2.3424681,2.3606808,2.4225948,2.1711657,2.3229331,2.4259367,2.2067261,2.3402338,2.3731682,2.1313391,2.4074277,2.2458209,2.350101,2.2988353,2.2345759,2.3187786,2.3545303,2.1726162,2.3631543,2.1568986,2.3232736,2.1961263,2.3204905,2.1702641,2.3834587,2.289708,nan
3,5497,1366359,43,142495,5.5009622,4.1535439,4.1063683,3.9085214,3.7233255,3.8016525,3.726297,3.7967756,3.5043835,3.6441182,3.7002781,3.4739965,3.4875154,3.525894,3.7645897,3.5182934,3.7167264,3.3963299,3.6438894,3.4787343,3.6148947,3.6819309,3.6675974,3.3776266,3.6169833,3.5905513,3.3652854,3.5314511,3.4527424,3.7145534,nan
3,5508,717416,29,110671,2.7705861,1.7930303,1.7568199,1.8710223,1.7842043,1.7097175,1.8403596,1.7135233,1.8324883,1.6280455,1.7669566,1.8077784,1.6462974,1.8217867,1.6342571,1.8007617,1.6208999,1.8358968,1.7694507,1.6873479,1.8059114,1.6612716,1.8327114,1.7132431,1.7138779,1.7440871,1.8084418,1.6014577,1.813425,1.6532007,nan
3,5511,388360,79,22414,2.3662152,1.5709131,1.4007354,1.4974362,1.3572774,1.4195853,1.4650128,1.3829213,1.2180638,1.4048455,1.3631192,1.3086611,1.2723317,1.2463157,1.2907706,1.31369,1.3209953,1.3725355,1.3684244,1.2893591,1.3891351,1.283011,1.0896828,1.2525943,1.3261499,1.3536272,1.2232142,1.3418592,1.3062043,1.3042972,nan
3,5514,454734,47,43723,2.1162747,1.3869706,1.4088016,1.3101582,1.3609854,1.2519138,1.2552753,1.2928419,1.2886095,1.2770932,1.2464263,1.3392782,1.2583049,1.3071224,1.3278264,1.2319897,1.306725,1.2779151,1.3288379,1.3196711,1.2937558,1.331084,1.226024,1.2756341,1.2509489,1.3030422,1.2526599,1.2306323,1.2593003,1.3031501,nan
3,5525,1333985,89,67786,7.5593669,5.2043093,4.7068157,4.9495024,4.861343,5.2427086,4.6928539,4.9028714,5.0443383,4.7091024,4.459682,4.2162493,4.408602,4.429465,4.5515932,4.6071513,4.4667062,4.6428524,5.0788532,4.3897549,4.4157851,4.6179416,4.2555768,4.6057657,4.1472593,4.4660275,4.2192679,4.4115065,4.4825535,4.2937261,nan
3,5529,1182812,89,60373,3.3736322,2.2891782,2.377951,2.4127278,2.2284658,2.2169686,2.209499,2.3154999,2.2319046,2.2441818,1.9938303,2.1403649,2.2091014,2.0906937,1.9788539,2.0406896,2.0572528,2.0774716,2.1039677,2.1763353,2.127235,2.072946,2.1602257,2.1550013,2.1821921,2.0943608,2.0782093,2.055221,2.2535285,2.0143462,nan
3,5530,1014009,92,50011,6.5464607,4.8494908,3.9078472,3.750844,3.982772,3.5135602,3.761966,3.6142702,3.6115805,3.39197,3.709965,3.7026209,3.6200973,3.5871218,3.5699975,3.5687857,3.5597587,3.4109534,3.5764168,3.5290709,3.3541064,3.3283516,3.5269237,3.6534677,3.4977947,3.536063,3.5611468,3.6252317,3.2161508,3.7557739,nan
3,5549,1113488,24,205582,4.074032,3.0888749,2.8695138,2.8922333,2.9438714,2.7057564,2.8568035,2.6453937,2.627553,2.7316777,2.619187,2.5920844,2.6049347,2.8746343,2.5884847,2.7082234,2.6678692,2.787252,2.6004136,2.7602477,2.5892043,2.7396639,2.5920017,2.7143648,2.6821153,2.5241505,2.6840661,2.6682618,2.6963493,2.7124048,nan
3,5555,378599,18,92239,1.4423979,1.0681701,1.0111026,0.9975157,1.0284595,0.9965958,1.0005268,0.9819267,0.9955699,0.9783491,0.9707721,0.9961465,0.9908525,0.9883642,0.9653188,0.9572812,0.9436252,0.9219872,0.9933463,0.9214699,0.9613704,0.951305,0.9531496,0.9382534,0.9753878,1.0589795,0.9319899,0.8831575,0.9539256,0.9650962,nan
3,5574,579849,72,36541,3.5037537,1.9179852,2.1544783,2.113127,1.9687127,1.9743786,2.030294,1.9937749,1.8895195,2.025945,1.9247558,2.0684207,1.6898484,2.0119852,1.831071,2.0204296,1.9183694,1.9291152,2.0090063,1.9525616,1.9348623,1.9890757,1.8298706,1.9989154,1.9118575,1.8388735,1.8477442,1.863354,2.0432979,1.8017944,nan
3,5594,295025,11,116275,1.1023321,0.8739086,0.883823,0.8382879,0.8250723,0.8442443,0.8096112,0.8340415,0.8238224,0.8208728,0.8660068,0.8245512,0.8214218,0.7796324,0.7965625,0.8204968,0.8359782,0.8426632,0.8543838,0.8075941,0.8317954,0.8033825,0.8398894,0.8230092,0.8047082,0.8108574,0.8387338,0.8416043,0.8303642,0.849844,nan
3,5604,1937018,56,154801,9.0097934,6.1148202,5.7026668,6.0184725,5.6432873,5.4818636,5.5845476,5.4144716,5.5322507,5.3069778,5.2745047,5.4975262,5.4198865,5.7485663,5.0806485,5.7908747,5.2979955,5.3971319,5.0422083,5.5430133,5.3998749,5.5190106,5.3555533,5.3973133,5.4547202,5.059536,5.6858868,5.2006399,5.2106047,5.1977221,nan
3,5611,378178,75,23065,2.2135892,1.4345565,1.3410775,1.4063953,1.380716,1.3485396,1.3030652,1.2835834,1.3596714,1.2114626,1.2984396,1.2668119,1.274649,1.2978665,1.2925902,1.2047871,1.292093,1.2709877,1.2337738,1.1722137,1.2876138,1.3259905,1.3174408,1.2815772,1.1508222,1.3648253,1.2815706,1.2116294,1.323205,1.2004906,nan
3,562,270405,89,13978,0.6166112,0.5494371,0.4814924,0.5282207,0.5055038,0.4879178,0.5278722,0.5111417,0.5399339,0.5116395,0.5512901,0.5196657,0.5200132,0.5891178,0.5817696,0.5803611,0.5866089,0.5762025,0.5583339,0.5393902,0.6034573,0.5856404,0.6212975,0.5782107,0.6304767,0.5940523,0.6011645,0.6142952,0.5931868,0.6316476,nan
3,5634,154187,45,15703,0.3816432,0.2702572,0.2446492,0.2379376,0.2335868,0.2335424,0.2348789,0.2207997,0.2290551,0.2280241,0.2425113,0.2345405,0.2419129,0.2352031,0.2150585,0.2383412,0.2253812,0.2316244,0.2232333,0.2152085,0.2282236,0.2297168,0.223543,0.2242517,0.2290805,0.2304958,0.2335291,0.2270993,0.2181341,0.211985,nan
3,5643,792686,49,72760,1.8635515,1.240095,1.2568578,1.2773302,1.1964753,1.1204897,1.2073048,1.2128186,1.1903465,1.1712919,1.1509096,1.1657371,1.1350923,1.1403816,1.0430597,1.1379064,1.1840432,1.1569631,1.1690543,1.1129891,1.1472559,1.1894403,1.2428394,1.174009,1.1963489,1.1907687,1.1537283,1.1172163,1.2408768,1.1909582,nan
3,5650,115258,50,10612,0.3535548,0.2233558,0.2109761,0.2145461,0.2235332,0.1981347,0.1977722,0.1787664,0.1892874,0.1883808,0.2171082,0.2117672,0.224977,0.2315903,0.2153983,0.2191677,0.2309434,0.2305877,0.2157868,0.2187265,0.2225021,0.2219588,0.2262264,0.217346,0.2272472,0.2375139,0.224394,0.2226484,0.2202415,0.2215177,nan
3,5650,811883,49,74686,3.7298939,2.5082062,2.6119395,2.5276306,2.4388198,2.3848649,2.4773779,2.2326894,2.2828894,2.4005506,2.3501509,2.4184626,2.3677066,2.222705,2.4281166,2.2956976,2.2823015,2.3816199,2.2603898,2.3360916,2.3389199,2.1537205,2.4118342,2.2877486,2.3120194,2.2574987,2.2946029,2.3372802,2.1781144,2.2735359,nan
3,5690,1595771,21,330916,2.7651553,2.2563744,2.1456804,2.1635148,2.0089265,2.0072786,2.0012822,1.9623038,2.0109998,2.0474539,2.0849777,2.0386166,1.960427,1.9454213,2.0479739,1.8934249,2.0657964,2.0314655,2.0324743,2.0062921,2.0646857,1.9723829,1.930574,1.9986294,1.8939628,2.0692214,1.9133893,2.0982511,2.071977,2.0951195,nan
3,5696,1335735,13,437032,2.4090591,2.0984135,1.8384615,1.83548,1.8263412,1.8706754,1.85102,1.6944144,1.7011882,1.7645529,1.6998682,1.822823,1.7545656,1.8534418,1.8392716,1.7124304,1.8303024,1.7395744,1.7900615,1.6392796,1.8022173,1.6701808,1.8173723,1.6122878,1.677417,1.5867522,1.7874892,1.811217,1.808245,1.7458233,nan
3,570,1130872,43,117934,0.8898816,0.8536761,0.9387505,0.8006218,0.8210055,0.8558093,0.8657028,0.8215349,0.8208975,0.8354928,0.8607933,0.8869637,0.8203739,0.7930469,0.8067269,0.8086965,0.8284889,0.90979,0.8267381,0.7732211,0.8074048,1.0280384,1.1172541,0.8466994,0.7967696,0.8047923,0.8020959,0.8869676,0.8370658,0.8047747,nan
3,5703,1542698,48,144247,6.5601393,4.7655277,4.690847,4.3583176,4.1649028,4.255199,4.1821859,4.3526255,4.1754632,4.3541745,4.1969809,4.188166,4.041847,4.3738312,4.0213986,4.2610843,4.351805,4.2485047,4.3119299,4.0659359,4.0266145,4.0860614,4.1332101,3.9076407,4.2244023,4.0398897,4.1252789,4.2127539,4.109826,3.9618604,nan
3,5703,710910,67,48112,3.7740219,2.6297433,2.3872397,2.3016486,2.5393318,2.4411279,2.3592631,2.3824202,2.1592706,2.3016315,2.2441908,2.3054733,2.357515,2.3212485,2.2036489,2.1501997,2.2498984,2.3290214,2.2824884,2.3137562,2.1368117,2.2040173,2.2448114,2.2209902,2.223054,2.1629231,2.2018059,2.1349791,2.2855175,2.1588586,nan
3,5711,1447309,55,118321,6.6664721,4.9000303,4.5796813,4.4761459,4.2707482,4.3311343,4.1626887,4.0957308,4.3279933,4.3270774,4.4626402,4.0610182,4.2452862,4.3056354,4.1375159,4.0912278,4.1026217,4.2706895,4.0143742,4.0115844,4.0467712,4.0803131,4.0143772,4.0809087,4.0594345,3.9773317,4.1498069,4.0078522,3.9948657,4.3008492,nan
3,5724,1525175,16,400912,5.006508,4.1285721,3.7232563,3.5298503,3.7065209,3.7995085,3.5897043,3.7431089,3.8183792,3.5493576,3.6580855,3.5034773,3.5441705,3.5760933,3.6219663,3.7057671,3.4953233,3.7379448,3.4447753,3.3980164,3.7363981,3.6397327,3.7538809,3.7917971,3.5559782,3.7527154,3.5225454,3.6889479,3.6880668,3.4572323,nan
3,5729,636351,44,65296,2.7598657,1.9622319,1.852678,1.8459818,1.7659287,1.7714178,1.7684921,1.5571675,1.7622523,1.7156982,1.6789986,1.7584753,1.7708127,1.6773266,1.7279521,1.7429807,1.6287324,1.7529685,1.6580538,1.7315749,1.6658177,1.7170114,1.7330285,1.5550351,1.702671,1.6298891,1.6387778,1.6818314,1.592656,1.6312906,nan
3,5736,1940729,11,705694,6.1956247,5.9973061,4.747994,4.437398,4.6506252,4.6561212,4.5738109,4.4726394,4.7379052,4.497494,4.4285617,4.8059235,4.4367911,4.6185128,4.5176995,4.5211584,4.7667872,4.4794125,4.4087367,4.5260021,4.7892638,4.3891075,4.2985161,4.3833391,4.4920382,4.4725776,4.4854824,4.5935113,4.6981029,4.4710839,nan
3,5737,493089,43,51694,2.2522525,1.5718619,1.5457089,1.4986648,1.4430616,1.4493124,1.4066265,1.3507981,1.3829439,1.4008942,1.3243859,1.3462522,1.4108044,1.4105509,1.3412341,1.4053122,1.3403067,1.4242365,1.2884214,1.3479789,1.3815282,1.3321624,1.2894871,1.4046005,1.3738557,1.3464361,1.3334463,1.3281254,1.387771,1.2680102,nan
3,5743,1583949,73,97771,4.3412354,2.9604468,2.7765956,2.8180864,3.0176189,2.8868934,2.7756793,2.6676332,2.6496075,2.7052814,2.5956199,2.6623022,2.6937049,2.5352876,2.7470597,2.5411844,2.5359013,2.5427298,2.5753187,2.644657,2.5546232,2.5741069,2.7195282,2.4661803,2.7070319,2.5596272,2.5609127,2.5896581,2.4482187,2.852704,nan
3,5759,756986,48,71203,3.7060687,2.5942707,2.5252896,2.213841,2.1617896,2.0853495,2.2237167,2.18216,2.0997256,2.1443611,2.1627184,2.1277754,2.2019619,2.1382339,2.1531794,2.2008574,2.0450866,2.1705196,2.1917079,2.0470174,2.200879,2.1047991,2.1117396,2.1433188,2.1457926,2.1140023,2.0917041,2.1572098,2.0436618,2.0790136,nan
3,5781,1241973,83,67804,6.8404076,4.6570997,4.6619353,4.3868543,4.009041,4.3736308,4.2424246,4.4175041,4.1488205,4.1113615,4.1599549,3.9759414,4.1210054,4.1594957,4.06171,4.0167368,4.1119149,3.9691407,4.0500542,4.2570449,4.0104323,3.8012254,4.3309663,4.1491768,4.2465176,4.1489705,4.1703993,4.1072192,3.9531922,4.2590265,nan
3,5800,770429,94,37414,5.175177,3.5523584,3.3313169,2.8312981,3.1246429,3.2274966,2.8074497,2.8051447,3.1072555,2.8484605,2.805877,2.9533837,2.7527839,2.9080101,2.6312889,2.957262,2.7420141,2.9792982,2.7125515,2.7510487,2.8066785,2.8996529,2.7485138,2.7354913,2.7475166,2.7943645,2.7802179,2.8690621,2.8525768,2.6317607,nan
3,5808,605845,44,62074,2.6495801,1.7356588,1.6370893,1.6884595,1.5857114,1.7002507,1.5403511,1.6777643,1.6545714,1.5686903,1.6902639,1.6162948,1.6512325,1.5676067,1.6384152,1.4769261,1.68616,1.7170564,1.5827673,1.6717469,1.6644388,1.5780263,1.7332184,1.6481436,1.5952035,1.5813217,1.587554,1.4942824,1.618672,1.5704174,nan
3,5810,1694354,32,235786,3.3517023,2.6797002,2.4829896,2.3209187,2.2302439,2.2865276,2.2278494,2.3495565,2.3750556,2.1609586,2.1309201,2.1555228,2.2723521,2.6856748,2.2731708,2.3268072,2.1482715,2.2478679,2.1850243,2.1710099,2.3625959,2.2588466,2.7078677,2.7556854,2.239477,2.3134086,2.2975036,2.0021476,2.274983,2.2409072,nan
3,5817,1122380,29,172555,2.1893554,1.6255324,1.5797853,1.49392,1.4748208,1.5360356,1.5554701,1.3584299,1.4998607,1.5455639,1.3856682,1.4735436,1.3871554,1.4474462,1.4475961,1.417007,1.4498651,1.4757938,1.4881336,1.5095018,1.3845631,1.4698158,1.3896308,1.4134937,1.4222317,1.3218507,1.4409604,1.5419058,1.3879054,1.4785331,nan
3,5820,371277,97,17590,2.5354374,1.603673,1.5054693,1.4776516,1.3957782,1.4822054,1.3970627,1.5290477,1.4179757,1.2898861,1.4548405,1.4113225,1.4540595,1.4163446,1.4439,1.5007003,1.3788748,1.3335858,1.5083338,1.4476104,1.3517028,1.3386955,1.3653864,1.413295,1.3948496,1.3720545,1.3850636,1.4203268,1.3852742,1.4342819,nan
3,584,444845,26,76051,0.7080687,0.4707174,0.5323767,0.5321798,0.5148004,0.5529326,0.5486625,0.5893987,0.5295876,0.5509008,0.5856569,0.562833,0.5805575,0.5516858,0.5482101,0.5536405,0.5567414,0.5686423,0.5804433,0.5357739,0.5226853,0.5353511,0.5417784,0.5212766,0.5847382,0.5352718,0.5330901,0.5654016,0.5393371,0.5066241,nan
3,5845,1657956,62,120412,4.4077464,2.6942957,2.7268159,2.8532139,2.6237298,2.7009702,2.809773,2.4898798,2.6188884,2.7898528,2.6426323,2.5991381,2.7521805,2.7824748,2.6259181,2.4648719,2.6709886,2.5341029,2.4269568,2.6685707,2.6165787,2.6886851,2.6912739,2.4878303,2.6977652,2.6619436,2.6882686,2.6445535,2.6233969,2.480742,nan
3,5851,671939,97,31606,2.2106088,1.5335854,1.4014462,1.4265171,1.4444566,1.420455,1.39285,1.3406793,1.2716596,1.3144806,1.3329217,1.3334739,1.3061242,1.3029026,1.2628517,1.2111998,1.3282219,1.3462556,1.3005095,1.3559204,1.3305684,1.2062341,1.3637123,1.2971815,1.3421676,1.3513057,1.3126276,1.3519766,1.2500126,1.353483,nan
3,5853,1671940,26,283294,3.1721352,2.4119839,2.4163345,2.3120874,2.1827421,2.2712303,2.1499272,2.2336202,2.1286284,2.286466,2.0916563,2.2882123,2.0973641,2.2974546,2.0742827,2.1623322,2.0615797,2.2171209,2.0593446,2.2244097,2.0189488,2.020239,2.1038076,2.0304528,2.2492184,2.08491,2.1124645,2.3382587,2.1602065,2.281466,nan
3,5856,1603436,14,483289,2.8337804,2.2835275,2.1929122,2.1820305,2.0357754,2.0661624,1.9853951,1.9631059,1.970404,2.0623803,2.4582524,1.9230568,2.1174713,2.0230881,1.9747087,2.0718611,2.4531514,2.3417134,2.0743186,2.0348341,2.1055299,1.9866339,2.0714183,2.0768675,2.0406535,1.9411968,2.015948,1.9490015,1.9006972,2.1219193,nan
3,5865,1241238,49,113881,5.465519,3.7846744,3.8334252,3.5343068,3.7043203,3.5014123,3.3548701,3.6005713,3.4855696,3.4071914,3.7325353,3.3619696,3.4703671,3.532868,3.575746,3.4511098,3.5134505,3.5455475,3.3709762,3.7049309,3.3296198,3.3164901,3.4157126,3.3773591,3.3734638,3.211792,3.420505,3.3798672,3.2994813,3.5620182,nan
3,5869,1771307,54,146773,8.5032628,5.7079816,5.4498354,5.2075719,5.1578728,5.5190168,5.4419626,5.1526855,5.1122556,5.2126848,5.0992762,5.1338277,5.2943347,5.1105433,4.9570259,5.0185351,4.8645751,4.7479603,5.0867944,5.0427883,4.7969747,4.7475652,5.1367354,4.988539,4.8083594,4.884259,5.1329222,4.7645075,4.8707212,5.105225,nan
3,5872,233357,47,22657,1.1906935,0.7726568,0.7565302,0.7400967,0.748041,0.7302984,0.7210138,0.7049073,0.7105517,0.7224127,0.6494139,0.726377,0.6866808,0.7005152,0.7263634,0.7240822,0.6978569,0.7505374,0.753331,0.7672072,0.7882091,0.7118566,0.6564462,0.7004582,0.6899338,0.6824044,0.6838261,0.6996997,0.677035,0.6885433,nan
3,5878,1300098,87,67630,7.4959739,5.2453413,5.5327445,4.6272232,5.1362587,4.6607612,4.7412608,4.4893877,4.7827983,4.7714827,4.5056016,4.3771571,4.4105024,4.6340682,4.6428967,4.6150287,4.492352,4.6524286,4.6354345,4.876969,4.7034972,4.5921631,4.4256377,4.5847759,4.6253277,4.5471139,4.4176496,4.370117,4.5283893,4.5585707,nan
3,5896,141592,10,61435,0.6574936,0.496011,0.4700972,0.481585,0.4817641,0.4792198,0.4139837,0.4566305,0.4531983,0.4583849,0.4371111,0.4568144,0.4406985,0.4525941,0.4496372,0.3940532,0.4471979,0.4540215,0.4522771,0.4401091,0.4420957,0.444513,0.4479561,0.4270214,0.4550012,0.4359532,0.4481384,0.4549081,0.4588426,0.4515207,nan
3,5897,362863,66,25153,1.1578626,0.7951017,0.772595,0.7933977,0.7955547,0.8472115,0.8050474,0.757969,0.7709846,0.7245597,0.6676404,0.6773123,0.6186572,0.6336282,0.6077983,0.6066333,0.5926688,0.6131309,0.61309,0.5909748,0.5753578,0.6148562,0.6158588,0.5817425,0.605737,0.5651373,0.6165231,0.6155622,0.5970096,0.582705,nan
3,5908,1131814,94,54661,6.9883724,4.8191114,4.8786959,4.7283593,4.2405178,4.615356,4.3824627,4.4584909,3.9224805,4.4346726,4.1118334,4.3714681,4.1077774,4.4246301,4.1777757,4.3904176,4.1606687,3.9777204,4.441999,3.9048153,4.3789706,3.857322,4.2437683,3.9581488,4.0796678,4.0633541,4.0602914,4.0506876,3.954841,4.0353916,nan
3,5930,1243832,41,135823,4.8532764,3.7978488,3.5092951,3.4524475,3.4743995,3.3025129,3.5470087,3.179653,3.4787176,3.3195738,3.431174,3.2445641,3.2605055,3.3933365,3.1305939,3.2426835,3.1735581,3.3886252,3.2641839,3.2659011,3.2170633,3.3491064,2.9674611,3.1737094,3.1809466,3.3149347,3.2419015,3.2649786,3.1360828,3.2410191,nan
3,5935,1831883,38,214471,7.4380418,5.7720925,5.0337765,4.9080451,4.7916755,4.7882498,4.8381231,5.0297345,5.0254745,4.7210559,4.694414,4.7797604,4.6508246,4.6642205,4.8403336,4.6427151,4.5242337,4.8774593,4.4253541,4.6512079,4.8290896,4.7312186,4.6519225,4.7992672,4.6428119,4.8003763,4.8128712,4.8234032,4.4937587,4.6616592,nan
3,5945,553335,32,77632,2.2464618,1.43269,1.5688594,1.5327691,1.3908235,1.5073849,1.3954442,1.5080943,1.3510814,1.4599322,1.3573218,1.427894,1.4772455,1.3320997,1.4655907,1.3108714,1.3555684,1.4047355,1.4814315,1.3858805,1.42803,1.3821886,1.4042712,1.3678036,1.425269,1.2901757,1.423951,1.3377003,1.3086488,1.3878498,nan
3,5956,664110,55,54643,1.6884023,1.118403,1.1037423,1.0817286,1.0637218,1.110743,1.0242179,1.0160653,1.0647695,1.029466,1.0167035,1.0795025,1.0204615,1.0271966,1.0143484,1.0380915,1.0043236,1.037145,0.9713089,1.027715,0.9923872,1.0158238,0.9495142,0.9695168,1.0198841,0.9868251,0.9663114,1.0104303,1.0165852,1.0301018,nan
3,5971,10318,92,508,0.1788438,0.0828375,0.0757463,0.0867381,0.0800021,0.0822686,0.1050454,0.0868297,0.0811604,0.0845073,0.0801522,0.0888843,0.0803212,0.0854727,0.084714,0.0859234,0.0864623,0.0849834,0.0867556,0.0849678,0.0830465,0.0859459,0.0810634,0.0829086,0.0850977,0.0777918,0.083557,0.0874805,0.0889547,0.0848084,nan
3,5971,454876,72,28732,2.6294684,1.7268389,1.6912764,1.6829675,1.6878989,1.7465579,1.6087933,1.589567,1.5915184,1.5578443,1.5521282,1.5250187,1.4695644,1.5664189,1.5636008,1.5743896,1.5690267,1.554802,1.5093731,1.539423,1.5725326,1.5432105,1.4757603,1.5890792,1.4416403,1.5448016,1.5602281,1.5423355,1.5136561,1.6189204,nan
3,5976,1344644,37,161644,5.2978575,3.8296258,3.6217718,3.4899632,3.6287046,3.4576355,3.4439766,3.2920995,3.3203168,3.5581497,3.4301632,3.3282479,3.635431,3.3532572,3.4104293,3.225303,3.3862984,3.2952372,3.4419285,3.4761974,3.3168418,3.3492255,3.4242293,3.5220116,3.4638449,3.3138282,3.37094,3.5511781,3.5666663,3.4230116,nan
3,5989,634985,29,97636,2.3325597,1.7964801,1.7506175,1.7139437,1.6594988,1.6013212,1.7319017,1.6358578,1.5670813,1.6263277,1.6676587,1.6358459,1.6031336,1.6170677,1.6559931,1.5598592,1.477669,1.6170253,1.642956,1.5907412,1.6647633,1.5973188,1.5596835,1.5538242,1.62058,1.4923557,1.6707249,1.5188174,1.5681625,1.6256103,nan
3,6000,422307,19,97993,1.6027212,1.1849364,1.1588831,1.1545475,1.13479,1.0428822,1.1110113,1.1269817,1.0785657,1.0957455,1.0974753,1.0910075,1.0748569,1.0228243,1.1475214,1.0834417,1.0523004,1.0370203,1.0765516,1.0203635,1.0944849,1.0598543,1.0346834,1.1103067,1.0866994,1.0010293,1.1067851,1.073443,1.0557617,1.1090817,nan
3,6004,1561641,47,148621,3.5989455,2.5832557,2.6507616,2.3747437,2.438811,2.2186775,2.3141689,2.4016617,2.2330807,2.3148357,2.3317754,2.2892697,2.2067384,2.2676864,2.0904362,2.3143592,2.155059,2.2738741,2.227799,2.2985807,2.1652266,2.3029732,2.217638,2.2314957,2.2578484,2.3259512,2.1691819,2.2218174,2.2457028,2.2661338,nan
3,6015,660671,12,235372,2.4704966,1.99043,1.8178434,1.8177424,1.8798886,1.7864517,1.8618314,1.7850689,1.8151571,1.8131688,1.831693,1.7822873,1.7935447,1.827152,1.7555871,1.7648937,1.771629,1.832335,1.7424618,1.7612579,1.5920706,1.828572,1.7692689,1.6302753,1.7698699,1.8165323,1.6693694,1.7361887,1.769587,1.7212419,nan
3,6031,1344869,48,125878,5.9646521,4.0596152,4.0977505,3.9391975,3.6999182,3.8789055,3.8033381,3.8062794,3.9901851,3.608039,3.7152511,3.7320018,3.6667744,3.696112,3.6509095,3.6550963,3.5898437,3.7076143,3.4105451,3.6924726,3.7357518,3.8120621,3.5253366,3.8088986,3.5693592,3.7667376,3.7052788,3.6352728,3.6961956,3.5940528,nan
3,6059,700211,29,107932,2.8615873,2.1246608,1.958915,2.0061679,1.7969154,1.913886,1.8486892,1.8015704,1.9325222,1.7487192,1.8673386,1.8099699,1.8363474,1.8720263,1.747611,1.8393806,1.7670577,1.8716147,1.784984,1.82945,1.773678,1.8208568,1.7405972,1.7416248,1.7503583,1.8043535,1.7481534,1.7637464,1.6978563,1.755938,nan
3,6064,1038191,100,47020,6.8568461,4.3741569,4.5200872,4.3797621,3.9909688,4.3849917,4.1044023,3.8923708,3.9081787,4.0497072,4.0823555,3.9280647,3.8951311,3.804665,4.0092967,4.0093532,4.1564722,3.6561597,3.8544505,3.7983491,4.0173728,4.0331007,3.9759614,3.8989585,3.9862097,3.7085042,4.0018927,4.1091418,3.9943003,3.886999,nan
3,6071,1149213,50,103501,5.3154958,3.5574001,3.5782916,3.4156544,3.2359172,3.5089109,3.1993716,3.229053,3.344662,3.2720097,2.9759137,3.2748147,3.3651089,3.1493111,3.3315593,3.0921297,3.3431908,3.0704813,3.2072384,3.3613316,3.356523,3.0650456,3.2875092,3.1744649,3.2221705,3.1575446,3.0360476,3.073264,3.0634671,3.0239288,nan
3,6100,1784131,80,100858,9.9598515,7.5815704,6.5818282,6.1307655,4.9828482,3.2155576,3.2976452,3.1875191,3.3282592,3.1377917,3.1573748,3.3876643,3.5198527,3.2477597,3.2255073,3.3332825,3.3733608,3.1470197,3.2149569,3.2375577,3.1519653,3.2601131,3.1810433,3.1593896,3.3218306,3.1899005,3.2231123,3.149399,3.2780445,3.0637112,nan
3,6101,229930,10,94930,0.969079,0.7197707,0.680662,0.6784749,0.7039465,0.7108558,0.6776331,0.6459266,0.6690603,0.629889,0.715882,0.6764484,0.6778694,0.6817484,0.6731516,0.7062964,0.6832608,0.6852425,0.6742722,0.6647889,0.6285292,0.6006088,0.643462,0.6896702,0.6797568,0.5463284,0.682152,0.6728016,0.6254607,0.6741604,nan
3,6106,873325,88,44935,5.8770616,3.5244495,3.2862452,3.4025582,3.0925643,3.3086054,3.0873654,3.220757,3.1983894,3.0198721,3.1809416,3.2316598,3.1629352,3.2313732,3.2096484,3.0598197,3.1755886,3.1591962,3.2831632,3.1812396,2.8911579,3.3967974,2.9572063,3.2093719,3.0071509,3.0830048,3.1170783,2.9118141,2.9176261,3.2061022,nan
3,612,1333366,41,145552,1.0661105,0.9651759,0.9738807,0.9860548,0.939505,0.9835047,0.9731138,1.0106315,0.9774141,0.9169675,0.9146121,0.9792334,0.9488357,1.0685723,0.9766455,1.0288325,0.9725891,1.0073202,0.9849255,0.9607977,0.9768591,0.9277835,0.9867323,1.017146,0.9442625,0.9326025,0.9255789,0.9807438,1.0618835,0.950395,nan
3,6128,829362,83,45355,2.6716913,1.7440234,1.6199234,1.6417568,1.5651833,1.6468673,1.4652902,1.5609147,1.4882433,1.5087118,1.42543,1.5489953,1.5809089,1.5410428,1.5649052,1.5870959,1.4798198,1.5287909,1.4892596,1.4782424,1.6574284,1.4518962,1.5148327,1.5288997,1.4506269,1.443353,1.4711159,1.4919205,1.3932495,1.4899141,nan
3,6132,296164,46,29326,1.5172143,1.0802988,0.9618502,0.9090402,0.927977,0.8863217,0.918093,0.848214,0.8963924,0.859121,0.89565,0.8397609,0.9042147,0.8336422,0.8646438,0.8670223,0.9115037,0.8701526,0.8507868,0.8556724,0.8596571,0.8804282,0.8674041,0.8985784,0.8654043,0.8412829,0.8524837,0.8619145,0.8736184,0.8593554,nan
3,6134,661434,63,47434,1.746038,1.1898408,1.1679439,1.1016838,1.1715893,1.0930387,1.1296826,1.0464781,1.0302779,1.1150623,1.056641,0.9957358,1.1284372,1.0752605,1.0713738,1.0974647,0.9622923,1.0520891,0.9514581,1.0170155,1.0254246,1.0197852,1.0806572,1.0257313,1.0569731,1.044508,1.0303231,1.0033417,0.9786794,1.0062346,nan
3,6143,680459,23,131212,1.3443984,1.0430454,0.9898987,0.9687987,0.9772116,0.9219676,0.9263348,0.9401259,0.9243001,0.9388822,0.9165656,0.9275634,0.9179418,0.9111031,0.9224186,0.9364392,0.9357486,0.9107851,0.9450438,0.95856,0.9281873,0.8406563,0.8691827,0.8760498,0.9047544,0.9121066,0.8829634,0.8591088,0.9173582,0.881302,nan
3,615,408116,63,29503,0.7343262,0.8149359,0.7402558,0.7784206,0.7451835,0.7778184,0.7794936,0.780569,0.7541108,0.857166,0.8023979,0.764393,0.7353562,0.7739715,0.7528502,0.802092,0.7723045,0.8136609,0.7676531,0.7671563,0.7812863,0.8479813,0.7447469,0.8049798,0.7425102,0.8159725,0.7292723,0.7249145,0.7475558,0.7785341,nan
3,6154,1508444,71,95686,8.2162178,6.0286244,5.2265236,5.1165994,4.8261867,5.143632,5.3238169,5.1161268,4.9278909,4.9210067,5.3201597,4.8500476,4.8366874,4.7434591,4.8862329,4.4809131,4.62196,4.660328,4.9320149,4.6491406,5.205688,4.5322361,4.6530285,5.0051618,4.9170207,4.632456,4.8561472,4.8255383,4.7032922,5.0725381,nan
3,6158,431554,34,57061,1.8703785,1.3476998,1.3258569,1.2608101,1.2407354,1.2126701,1.2128911,1.2241513,1.2295444,1.1626331,1.1199789,1.1860421,1.1877028,1.1767865,1.1661631,1.1562922,1.0482621,1.2108478,1.1389285,1.1345017,1.1610137,1.187965,1.191673,1.117259,1.1944089,1.1316146,1.1986119,1.1977667,1.1710696,1.0907388,nan
3,6159,1616067,26,272959,5.5936762,4.3104897,4.1389002,3.9549844,4.0037329,3.9142576,3.9153069,4.1033509,4.0002276,3.870691,4.0133796,3.8992821,3.8324617,3.8602642,3.9799423,4.1000011,3.8188115,4.119852,3.745018,3.7652566,3.7633129,4.0175262,3.7635477,3.7670453,3.9278368,4.0722601,3.7202275,3.7488987,3.9040498,4.1046174,nan
3,6160,1541144,64,108295,8.5980811,6.1282157,5.2524601,5.4008304,4.9388383,5.1494912,5.1716909,4.7663539,5.0593381,5.3858525,4.7253065,5.294467,4.9246047,4.923028,4.6018503,5.048142,4.6197009,5.0861316,4.8920923,4.7970213,5.0888721,4.7136441,4.9645036,4.8165408,5.1151536,4.8450269,4.7817287,4.7371813,4.7695992,4.7384507,nan
3,6165,1820116,87,94411,10.5252169,7.0517449,6.7114772,6.9129822,6.6563413,6.8986034,6.4763769,6.7733981,6.8322988,6.1791066,6.3060332,6.4693465,6.112647,6.3180829,6.2344751,6.3574864,6.0835813,6.3700157,6.3173666,6.1209114,6.2813724,6.2666606,5.8087081,6.0892398,6.0369855,6.2124437,6.1172377,6.2870218,6.2637268,5.9665129,nan
3,6189,747649,100,34117,5.0206931,3.5259309,3.2483229,3.2779625,3.2611154,3.0038086,2.808291,3.0010377,3.1136503,3.0324957,2.8506462,2.9741167,2.9322351,2.7269284,2.9286428,2.8139602,2.8567743,2.7481622,2.7241364,2.6468424,2.8727343,2.7591152,2.6463084,2.7938932,2.8653901,2.7529068,2.7710168,2.7618866,2.7906613,2.8547289,nan
3,619,1215394,79,69799,2.4294929,2.5014403,2.2773754,2.135777,2.1985711,2.163726,2.2113402,2.2424527,2.2398984,2.2229987,2.5777422,2.2141804,2.2145983,2.1589545,2.2175028,2.3670233,2.2800255,2.357268,2.2864881,2.6979859,2.2612481,2.238873,2.4178471,2.2672745,2.277863,2.6914619,2.4732447,2.0435364,2.5670471,2.3583578,nan
3,6191,299308,51,26752,1.4952325,0.8933924,0.9358738,0.9322079,0.9412013,0.7733885,0.7997387,0.883202,0.8396097,0.9013237,0.8625415,0.8887047,0.9345737,0.9236438,0.8974077,0.8858819,0.9163517,0.9509081,0.8339387,0.8975557,0.9223777,0.8379838,0.8595995,0.9282116,0.8886531,0.8465381,0.8854043,0.8278858,0.9166637,0.8477041,nan
3,6198,792980,80,45010,5.1808085,3.7498382,2.9886819,3.1494105,3.0243776,2.7992606,2.951336,2.8355466,3.1342735,2.8807275,2.8230755,2.8819735,2.8031864,2.7577157,2.9143448,2.6282478,2.8206469,2.870881,2.908055,2.9687764,2.7261272,2.6937349,2.8895234,2.713621,2.9378788,2.7462874,2.7190775,2.756781,2.8716193,2.7166281,nan
3,6200,1398050,22,279634,2.7533109,2.0567199,2.0483666,1.8032284,1.9097367,1.808799,1.8856751,1.8261044,2.3521278,1.9901674,1.7827618,1.8226833,1.8635196,1.7371432,1.8507217,1.7433534,1.7152878,1.8409548,1.7087614,1.7921813,1.8249986,1.7338371,1.8749018,1.6944639,1.8260582,1.8442051,1.7805424,1.8628282,1.6931115,1.7946727,nan
3,6205,1751707,94,84241,9.6951398,7.3088877,7.4479073,6.4938096,6.7100221,6.5437772,6.1699619,6.3999126,6.6119398,6.6208353,6.0228293,6.3545003,6.4541858,6.6801739,6.2682425,6.4328835,6.2439135,5.9443251,6.5816329,6.2403948,6.2705393,6.3785404,6.4365018,6.3906324,6.1684099,6.1809349,6.1384511,6.1131756,6.2460681,6.2326658,nan
3,621,328815,90,16747,0.3975513,0.3845075,0.3430517,0.3498923,0.3803557,0.3508049,0.3460744,0.3646133,0.3567669,0.3460417,0.3884182,0.3521026,0.3481203,0.3607592,0.3588353,0.340755,0.342369,0.3555216,0.3684464,0.3903676,0.3430797,0.3568539,0.3513141,0.3604036,0.3494355,0.3645086,0.3637462,0.3578237,0.3258971,0.3627348,nan
3,6218,1187247,16,321952,4.2663453,3.4858381,3.0682654,3.1825961,2.9783699,3.0085563,2.9530493,3.0979394,3.0644161,2.9078377,3.0056814,2.8183943,3.0422748,3.026075,3.1125549,2.8223555,3.0423339,3.02352,2.8767841,2.9899918,2.8660304,3.0572815,2.9586223,3.0249768,2.9760466,3.0643866,2.959752,3.0572852,2.8990035,3.0050617,nan
3,6225,818551,94,39736,2.5905948,1.6622434,1.7538717,1.6585909,1.6858531,1.5914242,1.6061647,1.6720414,1.6774415,1.5508568,1.6066455,1.6035996,1.5966401,1.5576818,1.5477869,1.5279932,1.4877877,1.5511988,1.4836493,1.4119875,1.6161213,1.5540825,1.5816049,1.4824528,1.4853926,1.5886813,1.5469134,1.6018494,1.579817,1.4608309,nan
3,6242,813480,23,155548,2.9438963,1.9983248,2.1468525,2.135637,1.9531906,2.0652319,2.0691995,2.0537586,1.9345593,1.9072365,2.038566,2.1283898,1.9872526,1.9254549,1.844671,2.0138897,1.914142,2.0497499,1.9856895,2.0217524,1.8647182,1.9791722,1.8659744,1.9969543,1.902748,1.9972307,2.1031801,2.0637046,1.8587496,1.9995274,nan
3,6248,1326376,44,135067,5.8310349,3.7865469,3.8339322,3.619907,3.7559944,3.6189823,3.5491056,3.8777398,3.7881261,3.5366293,3.7255249,3.5322051,3.8179344,3.731029,3.5058219,3.5453603,3.4318426,3.6066833,3.6775628,3.3613201,3.774042,3.6171777,3.3201925,3.5985862,3.3936187,3.4451579,3.4974362,3.6689809,3.4364417,3.6692324,nan
3,6252,579446,87,30361,4.0434871,2.614706,2.5355575,2.4890795,2.2130162,2.2507728,2.166327,2.1027362,2.2703286,2.3829402,2.1553355,2.2069567,2.1656646,2.2207474,2.255273,2.2229611,2.0897411,2.1503672,2.1285611,2.0745008,2.1233186,2.1368496,2.1728719,2.0490287,2.1173053,2.1286802,1.9933103,2.1016029,2.1817002,2.0142917,nan
3,6269,1164366,10,489346,3.9621878,3.6502951,3.0862797,3.0336181,2.7462964,3.1567015,3.0323605,3.1846272,3.0702325,3.262667,2.9260846,3.0192661,2.9855016,2.9510626,3.007345,3.1068145,3.1564025,2.853854,3.1107174,2.9591283,2.9325282,3.1317696,3.0282722,3.1192671,2.9919907,3.1096851,3.0311232,3.1283575,3.1550259,3.0393958,nan
3,6272,1782966,19,403519,3.0420296,2.585359,2.3880973,2.4108299,2.3479248,2.2644102,2.2757165,2.2363173,2.4410437,2.2388673,2.2952154,2.9357167,2.7891027,2.3842235,2.3316845,2.3283416,2.2293718,2.1764537,2.3305152,2.1727046,2.4024607,2.1931593,2.1759997,2.5503652,2.9592144,2.3414496,2.2506604,2.2669738,2.299165,2.2111623,nan
3,6305,1174933,30,174700,2.7118938,2.3073304,1.8898479,1.9515921,1.6570403,1.8075707,1.7358286,1.7549409,1.8152297,1.7858802,1.7394989,1.6513483,1.747105,1.7041412,1.7284354,1.5950437,1.6727534,1.5843219,1.6802668,1.5862235,1.6897078,1.6235838,1.7399717,1.6366257,1.6506482,1.5838943,1.6774677,1.6618036,1.5745962,1.562616,nan
3,6305,1763363,84,94813,10.5967978,7.4941119,6.3266002,6.6417631,6.1319251,6.3808858,6.4463932,6.2720998,6.0288682,6.4955066,6.252209,6.1061172,6.2093715,6.156545,5.7549044,6.1766631,6.1355574,5.9472375,6.1678218,6.1854893,6.2098884,6.2240585,6.2586762,6.0730421,6.4848929,5.6910387,5.9819255,6.289967,5.8107457,5.9778117,nan
3,6313,973144,64,68629,2.6750613,1.8443196,1.8404101,1.7234317,1.7149502,1.6201457,1.6165093,1.661005,1.6002708,1.6401619,1.6012131,1.6453611,1.625464,1.641929,1.5676687,1.6091542,1.7557954,1.6745014,1.5803655,1.5470529,1.5875463,1.6522049,1.6499464,1.5986464,1.4957299,1.5240884,1.5154571,1.5897646,1.4430489,1.609775,nan
3,6321,1987027,61,146167,4.7905401,3.787532,3.3497469,3.6179296,3.2647117,3.1257459,3.2690004,3.3099752,3.4224827,3.4080519,3.1765381,3.3512976,4.0168963,3.2197268,3.2290351,3.2851803,3.2508732,3.2066006,3.2937313,3.0391847,3.1147248,3.1483231,3.0453065,3.0631151,3.0309777,2.9819111,3.7525678,3.4631527,3.3113435,2.9832932,nan
3,6330,348158,62,25579,1.9785795,1.193919,1.1181595,1.120599,1.2022051,1.1040775,1.1097747,1.1194318,1.1154432,1.1337407,1.129352,1.0724154,1.1644912,1.1515669,1.142473,1.0983405,1.1057515,1.0397574,1.122388,1.0475896,1.0759784,1.0604566,1.0320269,1.0784459,1.1176043,1.065376,1.0704901,1.1443995,1.1553196,1.1047299,nan
3,634,1654112,26,278395,1.1558722,1.0598583,1.0437063,1.0404657,1.047312,1.0104811,0.984548,1.02662,1.1714834,1.3924442,1.0106575,0.9979478,1.0293375,0.9844349,1.0762221,1.3458917,1.108769,0.9900225,1.0019835,0.9986292,0.9859366,1.2588574,0.9983733,0.9871494,0.9574831,0.9573772,1.0345931,0.9851275,1.0566811,0.9587402,nan
3,634,871088,70,56374,1.8757609,1.8381963,1.6296014,1.5813676,1.6174777,1.6400952,1.565636,1.7619764,1.7262383,1.6130669,1.8121694,1.5482618,1.455121,1.5917535,1.7147144,1.5289771,1.5890924,1.7536669,1.8625756,1.7916846,1.6637735,1.6400881,1.6027085,1.5785331,1.7337517,1.6987507,1.6298974,1.5397667,1.6156716,1.6439749,nan
3,6349,1984723,33,266596,7.8447534,5.5797275,5.4544349,5.4172639,5.1077018,5.2628108,4.922062,5.0904532,5.0112609,5.135404,5.2966922,4.9643386,5.2901951,4.9559687,5.0770627,5.0221615,5.1834898,5.2845142,4.9229833,4.8638703,4.9137204,5.1052696,4.8594189,4.9173069,4.8251962,5.0934922,4.8811329,4.8119695,4.8866019,4.9424581,nan
3,6357,1956669,11,711907,6.1836435,6.0604145,5.2651305,5.0128361,5.0104208,4.8305727,4.7673064,4.8268886,4.8912401,4.9069177,5.0090183,5.0073031,4.9483572,5.2180334,4.8331101,4.8606791,4.942357,4.8032462,4.7984441,4.6709062,4.7502975,4.7751388,4.6523816,4.6712305,4.7478301,4.7609427,4.6043161,4.8941692,4.9211022,4.6243608,nan
3,6393,1087462,46,106210,2.7003918,1.8779678,1.6621681,1.8003989,1.7477512,1.7234194,1.5495632,1.6083805,1.7547789,1.7202692,1.6226547,1.7445196,1.6408643,1.5435617,1.7129268,1.7375062,1.6768301,1.5301941,1.631109,1.4917858,1.6427603,1.7244481,1.7147683,1.67248,1.5905731,1.6200677,1.5886049,1.6173367,1.5465712,1.6290901,nan
3,6399,1729369,47,164740,7.4857976,5.1313959,5.1122848,5.0747112,4.8146345,4.698657,4.7390824,4.734229,4.8477185,4.9305823,4.7207192,4.8133065,4.9396262,4.6584381,4.6550682,4.5869811,4.5420542,4.5783785,4.7026543,4.7197544,4.8185669,4.5858935,4.7826659,4.8154449,4.686817,4.5225671,4.5504352,4.5333466,4.4581958,4.6038184,nan
3,6408,814605,35,104128,3.665395,2.2724692,2.3050453,2.3370619,2.2894559,2.2536879,2.2274356,2.2935361,2.2768771,2.295431,2.152428,2.2764083,2.3277283,2.1091498,2.174971,2.201855,2.2412292,2.207658,2.2202819,2.2875937,2.1986267,2.20674,2.2213746,2.224157,2.1357687,2.2311669,2.192923,2.0602035,2.1687502,2.1824243,nan
3,6417,1676881,30,247873,6.2527009,4.9271251,4.4488951,4.4043409,4.4601648,4.3309311,4.2395016,4.1770768,4.3054952,4.3089753,4.1237975,4.249569,4.0364775,4.1334144,4.1125559,4.1490761,4.2278449,4.3465971,4.0400224,4.08255,4.295635,4.3401942,4.1418358,4.0107109,4.1011426,4.4087599,4.1011548,3.962072,4.2440038,4.2008531,nan
3,6419,575454,65,40282,3.3202842,2.0657803,2.0734725,1.9698646,1.9786748,2.0183845,1.9733694,1.9031286,1.9834232,1.9626415,1.9409019,1.9725318,1.8119768,1.9081165,1.9433241,1.8935548,1.915484,1.802344,1.8947051,1.9510021,1.9214916,1.8723674,1.9568973,1.7883892,1.9511597,1.7996988,1.9141935,1.8453462,1.8041215,1.9940531,nan
3,6429,650580,11,252010,2.5487238,2.0535789,1.8409073,1.9103368,1.8891479,1.9141671,1.8774057,1.8066395,1.8539372,1.8668317,1.8482832,1.8621501,1.8625917,1.8740206,1.7619363,1.8834834,1.9136721,1.8730651,1.8566887,1.7343943,1.7845246,1.8849711,1.7632982,1.8568529,1.7714411,1.8365024,1.8115891,1.7357596,1.849844,1.8158368,nan
3,6440,174715,69,11770,1.0748797,0.6547677,0.6960079,0.6684276,0.6645522,0.6638577,0.6378657,0.653055,0.672112,0.646238,0.6500566,0.660115,0.6241568,0.5990269,0.6120132,0.6335143,0.6237194,0.6820188,0.5970907,0.6326907,0.6098448,0.5658569,0.6217875,0.5833476,0.6126836,0.6048859,0.6101778,0.5630512,0.6294203,0.6169377,nan
3,6456,1583550,94,76027,10.4736991,6.836619,6.3130532,6.1389703,5.9697047,6.6929614,6.1500353,6.1750651,5.9048749,5.5986806,5.5548215,5.8748632,5.5565887,5.9867738,5.7784644,6.0672977,5.6758591,5.8495566,6.0412042,5.7671961,5.8743023,5.65103,5.5805798,5.648446,5.64012,5.5978718,5.3949154,5.6318915,5.7207831,5.6998872,nan
3,6463,1120822,30,166882,2.3293234,1.7466191,1.6320327,1.7080152,1.5698837,1.5634452,1.5453703,1.4673212,1.5766858,1.6175148,1.4755717,1.522982,1.522,1.538385,1.5714535,1.5669358,1.5170802,1.4919921,1.4679123,1.5962086,1.4602862,1.7076452,1.8809502,1.5388019,1.4197301,1.4956861,1.5135643,1.5980592,1.4447623,1.4779938,nan
3,6469,1441837,19,328180,5.0813219,4.0348588,3.7198092,3.5791907,3.5296891,3.903051,3.7576582,3.5129251,3.7503104,3.8366412,3.5553959,3.61246,3.5101875,3.3770964,3.5990335,3.5206188,3.4471705,3.4857734,3.6376439,3.5100952,3.4084565,3.695346,3.5570172,3.6468451,3.4521512,3.4273636,3.7198936,3.4475621,3.7196167,3.5169617,nan
3,6471,1402880,69,91516,7.5248424,4.8369975,5.1055035,4.7291581,4.7953275,4.8789284,4.9635239,4.6074767,4.7399683,4.5333942,4.5803082,5.0161473,4.6697164,4.678914,4.2113825,4.7008271,4.7413293,4.4312754,4.1393799,4.5465625,4.424079,4.2046456,4.8928431,4.65709,4.6083984,4.5325967,4.3411387,4.6061503,4.4787218,4.5135436,nan
3,6477,351244,79,20524,2.2302227,1.4407616,1.3522246,1.3965153,1.410244,1.371083,1.3200902,1.3177531,1.316517,1.2510336,1.3199614,1.2994263,1.2525932,1.2787344,1.2627602,1.3508208,1.2543003,1.2314978,1.2695716,1.2840702,1.3400439,1.3899366,1.2721303,1.3852745,1.3635107,1.2762869,1.3163507,1.2462686,1.2851444,1.2656717,nan
3,6481,1646761,36,204304,6.629014,4.8745527,4.4052311,4.4593538,4.5806213,4.2182281,4.3132821,4.2771364,4.2856926,4.3592245,4.3655597,4.2439649,4.2643158,4.5358682,4.3938786,4.0535386,4.22415,4.4561544,4.2560174,4.1628761,4.4311047,4.4984045,4.1758475,4.3047824,4.1265911,4.4232412,4.2011136,4.0899945,4.2010815,4.2223796,nan
3,6487,78380,43,8326,0.5227427,0.3404518,0.3343765,0.3201747,0.3024114,0.3167021,0.3040794,0.3085779,0.3146787,0.3018345,0.2950418,0.2686614,0.298588,0.2685753,0.2727899,0.2789854,0.3085815,0.2852115,0.2982227,0.2655312,0.2662115,0.2568793,0.2628978,0.2709957,0.2798913,0.2794371,0.2634264,0.2647084,0.2561874,0.2646235,nan
3,6493,746594,60,56335,4.5998316,2.9351196,2.6271673,2.7075175,2.6085421,2.5552954,2.5117925,2.4477954,2.4960931,2.3748221,2.2426551,2.3921449,2.3630063,2.2157462,2.2374282,2.2477849,2.3034201,2.4883592,2.3917386,2.3191004,2.300261,2.4979591,2.2567929,2.3778452,2.1825832,2.2530679,2.367241,2.2639644,2.4492114,2.2053328,nan
3,6496,753481,91,37753,2.4427817,1.6529513,1.5629626,1.5241782,1.428635,1.5089507,1.4741701,1.5054399,1.5129106,1.3640612,1.4566833,1.4471877,1.3987493,1.4249656,1.4229395,1.4057585,1.4289785,1.385704,1.3697182,1.3636433,1.4347459,1.4026402,1.362521,1.4585539,1.4234081,1.4183159,1.475593,1.3955848,1.4712951,1.4176192,nan
3,6516,939820,76,56083,5.2799124,3.4189074,3.7582207,3.5886421,3.5088793,3.3212906,3.3052939,3.4180411,3.4510632,3.2922783,3.3809279,3.050563,3.3953102,3.0838235,3.3128325,3.2879757,3.2208032,3.3828356,3.3825035,2.9376251,3.2137178,2.9460638,3.2678419,3.1576035,3.355605,3.0333405,3.2455439,3.1033819,3.179294,3.1400629,nan
3,6522,973791,23,186001,1.8685875,1.4391977,1.43029,1.3527259,1.2980336,1.3249845,1.3612405,1.2188346,1.2349198,1.2457689,1.2691286,1.3609436,1.2662352,1.2353988,1.2346684,1.3399184,1.2328938,1.3404358,1.2307448,1.3089874,1.2859272,1.2377789,1.2872461,1.2939102,1.6479418,1.2638382,1.3105311,1.3164259,1.3019131,1.2928939,nan
3,6526,1207168,99,55399,7.8060854,5.1904296,5.3332539,5.002207,4.7886774,4.7850977,4.759579,4.700354,4.4057783,4.6490919,4.883102,4.5512043,4.6590916,4.838107,4.4917162,4.2580779,4.7732304,4.7118273,4.879751,4.4315401,4.7440612,4.4852142,4.8610721,4.5564941,4.637632,4.7962602,4.425271,4.4046759,4.2808997,4.3248015,nan
3,6528,1775231,24,323257,6.3300941,4.8009323,4.8795225,4.9423331,4.7117167,4.8259205,4.4817166,4.4141521,4.5893351,4.5667431,4.5831312,4.6024366,4.2431218,4.3634733,4.5055969,4.5102883,4.5419505,4.5091538,4.5110473,4.2146139,4.1089957,4.5028535,4.1516162,4.4839517,4.2559514,4.2815796,4.4583631,4.4250894,4.4805771,4.3454463,nan
3,6540,1726544,15,481912,6.1059269,5.2854779,4.571411,4.4413626,4.3486451,4.3792363,4.2316979,4.3924424,4.1870011,4.2121203,4.2118481,4.2487225,4.2476386,4.135083,4.2100621,4.1602828,4.1605634,4.3326072,4.1054143,4.1138067,4.2718618,4.4541887,4.0887107,4.2422295,4.3611218,4.2791571,4.1096272,4.1766783,4.1738917,4.3526373,nan
3,6553,31624,24,5905,0.2290668,0.1179869,0.0991137,0.1285997,0.1278234,0.1261818,0.1294475,0.1304394,0.1281667,0.1267112,0.1421132,0.1265959,0.1229748,0.1227769,0.1259422,0.1246896,0.1241493,0.1226815,0.124,0.1422758,0.1236092,0.1283515,0.1234509,0.1244043,0.128277,0.1250693,0.1257634,0.123779,0.1283858,0.1236734,nan
3,6569,1993057,71,126220,10.6814284,7.2997059,7.0974386,7.1504942,6.6427081,6.6760501,6.5538376,6.7387402,6.6208493,6.8742635,6.3870802,6.423243,6.443142,6.4215571,6.2593216,6.2893997,6.6170465,6.3510659,6.648443,6.9021846,6.372642,6.8385089,6.3209761,6.328706,6.8811229,6.8566322,6.1797774,6.722474,6.2746517,6.3680019,nan
3,6573,934255,69,61243,5.1566671,3.6797742,3.1947965,3.0565424,3.2263483,3.0773295,3.1895122,3.0397936,3.144467,3.0805963,2.9389983,2.8829625,2.8867207,2.8152273,3.0109329,2.9094119,3.1625637,2.9926395,2.9048721,3.0039451,2.7996248,2.7893228,2.9818468,2.9120678,3.0541306,2.7213552,2.9714046,3.0845637,2.7306487,3.061478,nan
3,6577,952825,26,161770,3.5341977,2.4272269,2.5639148,2.4121436,2.4492952,2.3686099,2.5369419,2.4390888,2.4025013,2.3914836,2.3300721,2.3352661,2.4432345,2.4434134,2.4314694,2.3192698,2.2815234,2.3324634,2.4548997,2.403558,2.2442074,2.3599194,2.2804317,2.325171,2.437403,2.2643534,2.4284657,2.2798561,2.4314077,2.418972,nan
3,658,128370,96,6277,0.2922086,0.3050416,0.2924535,0.2857648,0.2839029,0.2969341,0.2797899,0.2958075,0.2972819,0.2828102,0.2747643,0.2819887,0.3009102,0.2973071,0.2706343,0.2757679,0.298161,0.2923117,0.2859813,0.288871,0.281667,0.3011451,0.2877882,0.3028761,0.312896,0.2710785,0.2819834,0.2997268,0.2637584,0.2101627,nan
3,6610,1221751,40,136810,5.3517613,3.6560186,3.7074619,3.7071391,3.3529573,3.5359936,3.5070131,3.5952052,3.3310472,3.4593322,3.3137663,3.5354718,3.2322529,3.335153,3.2954995,3.2660093,3.4241986,3.3083506,3.4155344,3.4342582,3.3342515,3.3615449,3.3641751,3.420961,3.2918063,3.4544003,3.2782334,3.3206037,3.493055,3.3254534,nan
3,6616,1103930,13,367807,3.966462,3.1729716,2.8969695,2.9288631,2.8231045,2.8994411,2.8041897,2.8826497,3.0034954,2.8223872,3.0099485,2.8012563,2.6964909,2.8066974,3.0667342,2.7034131,2.7182941,2.7926806,3.0522473,2.705771,2.6808807,2.9583064,2.783252,2.8800291,2.8257878,2.7332899,2.7513706,2.840685,3.0211783,2.7619463,nan
3,6636,1012605,69,66355,5.5963611,3.9069359,3.8064009,3.5503186,3.5292746,3.5793459,3.1687407,3.5048349,3.5760744,3.2886723,3.4571534,3.2112628,3.4317719,3.3677816,3.2655634,3.2403285,3.2242125,3.5244335,3.3185666,3.2303507,3.4460972,3.1724655,3.4301873,3.3003423,3.149025,3.306482,3.5423071,3.2011558,3.4808757,3.143345,nan
3,6642,533554,70,34816,1.5426193,1.079451,0.9633095,0.9618159,0.9263751,1.027987,1.0065961,0.9328417,1.1112944,0.9065288,0.9478222,0.9284953,0.9381333,0.9391963,0.9171575,0.9147741,0.9359082,0.9408117,0.8893675,0.9893976,0.8994377,0.9288181,0.9177544,0.884246,0.9114092,0.9213598,0.9137534,0.9141613,0.8975202,0.9336723,nan
3,6645,1488532,12,515878,5.1684478,4.5204853,4.4150488,3.8619945,4.1433709,3.9721097,4.0769124,4.1346364,3.8052014,3.9772492,3.9842628,4.2058134,3.9894922,3.9142566,3.846131,3.7698377,4.0259968,3.6808849,3.9513048,3.7177701,3.7960024,4.0039009,3.8809974,3.7271884,3.8567395,3.6859575,3.760073,3.9829503,3.6176134,4.0430762,nan
3,6645,328063,79,19006,2.1023669,1.3327436,1.223777,1.2150489,1.2019762,1.2563024,1.3246682,1.2009012,1.2340062,1.3112266,1.2674238,1.2436182,1.1668983,1.2605024,1.0483943,1.174425,1.2066033,1.2615544,1.2408484,1.2463125,1.1723607,1.1937903,1.1104252,1.2130419,1.1435918,1.1730984,1.1336341,1.2561829,1.124276,1.1699563,nan
3,6646,1094459,57,86575,5.55081,4.0375681,3.5456671,3.2795678,3.3029266,3.4668124,3.2248365,3.1365911,3.3630166,3.2918951,3.347816,3.1187414,3.1426301,3.129307,3.160889,3.2240601,3.1346711,3.4059581,3.3140649,3.2985164,3.244031,3.3344607,3.2565439,3.2148496,3.1393384,3.2465063,3.2586939,3.1690037,3.2084231,3.2990159,nan
3,6653,474917,35,60688,2.1257249,1.4463908,1.3110842,1.404295,1.3365262,1.3905298,1.3589485,1.360831,1.2837043,1.3566463,1.3224422,1.318906,1.3316888,1.3535357,1.2551669,1.3257393,1.3358216,1.3763231,1.3718324,1.30682,1.2344486,1.2965225,1.2802533,1.3173211,1.3232032,1.3133383,1.3710217,1.3197638,1.2398466,1.3006015,nan
3,6655,981111,39,112564,2.2926848,1.6747686,1.5951695,1.474756,1.5619365,1.5640568,1.5602904,1.5432562,1.4228271,1.576536,1.4112101,1.5034846,1.4137828,1.5297235,1.4415952,1.3953064,1.4277112,1.4162832,1.4830848,1.4980961,1.4088005,1.5068694,1.399947,1.4867304,1.5487505,1.4925465,1.4480799,1.4278921,1.4401057,1.4615221,nan
3,6673,369800,28,59308,1.6500041,1.1311435,1.04685,1.0115938,0.9822812,1.0212179,1.0323844,1.0195658,1.0340678,0.953471,1.0011611,0.9683217,0.9895078,0.9616674,1.0195974,0.9206372,1.0075487,0.9461815,1.0052768,0.9760902,1.0037168,0.9384033,1.007959,0.9807859,1.0234485,1.0374985,0.9947136,1.0033258,1.0014118,1.0155821,nan
3,6675,1633703,52,140920,4.774474,3.2847776,2.7958449,2.808328,2.8989949,2.8631803,2.5987415,2.8108817,2.6754669,2.6389445,2.7908801,2.7124862,2.6715394,2.6543958,3.1061363,2.5579643,2.7083821,2.9448918,2.6191307,2.6619995,2.4179248,2.6546203,2.6340834,2.6074441,2.3950671,2.6321501,2.537149,2.4459529,2.6115609,2.3323032,nan
3,6704,1305728,45,130024,5.9321565,4.3277053,4.0979442,3.8321786,3.9065232,3.6904034,3.9562849,3.5895456,3.7972253,3.6082538,3.698443,3.755137,3.6139303,3.733976,3.5549069,3.5958624,3.8032005,3.7962292,3.6784441,3.5644556,3.6583567,3.6155524,3.624734,3.6825695,3.6927701,3.5499497,3.5260543,3.8447812,3.6883743,3.7845717,nan
3,6716,179333,43,19087,0.499012,0.3275334,0.2989541,0.3139295,0.3012942,0.3165506,0.2920949,0.2979931,0.302338,0.3000597,0.295867,0.290111,0.2852206,0.2845882,0.2931165,0.2978749,0.2846648,0.2852554,0.2938485,0.2935774,0.2736492,0.290125,0.2858273,0.2970182,0.2996343,0.2932132,0.2877284,0.3023372,0.3032418,0.2879752,nan
3,6745,1221547,49,111919,3.0210404,2.1640888,1.9041025,2.0008219,1.9677324,1.9612058,1.9241468,1.9279822,1.8079645,1.8822999,1.8844904,1.9310131,1.7964423,1.8691586,1.8971617,1.8332634,1.9180122,1.9554146,1.9832867,1.8956528,1.7436603,1.9397941,1.7746917,1.7987104,1.8065262,1.755514,1.9570113,1.903408,1.8660969,1.8514118,nan
3,6745,1463077,97,68482,9.8548416,6.8369745,6.3021891,5.7674417,5.7732511,5.8520874,5.8119269,5.4038822,5.1800795,5.3011575,5.7934831,5.4596234,5.7007051,5.3353849,5.2570303,5.4651493,5.4804023,5.9784736,5.3692098,5.3072245,5.0944236,5.2033307,5.6970873,5.5413989,5.1242692,5.6364837,5.8816423,5.5025169,5.6062786,5.2919376,nan
3,6765,1871503,27,305521,3.8030581,2.9210662,2.857487,2.6080566,2.718469,2.7727279,2.7053183,2.6634625,2.5375913,2.4730858,2.6018998,2.5022649,2.6418449,2.4641146,2.4737161,2.3980282,2.5757289,2.5613203,2.4352284,2.6264963,2.5603363,2.6969088,2.4467704,2.5884428,2.4520746,2.644408,2.4557624,2.5436466,2.4626389,2.5257225,nan
3,6774,165214,88,8662,1.2476795,0.7713133,0.7145704,0.7478491,0.7131859,0.7047048,0.6949313,0.6939537,0.7439339,0.6903236,0.6553402,0.6767467,0.6875549,0.6538649,0.7395208,0.664574,0.6548755,0.6532566,0.6935746,0.7295331,0.6886517,0.691505,0.6673129,0.6084508,0.7049394,0.6169306,0.6415493,0.6081521,0.6451437,0.6365681,nan
3,6777,356178,42,38329,1.6899858,1.1182399,1.0823446,1.1574207,1.0652081,1.0663336,1.1041988,1.0723651,0.8556557,1.0859514,1.0769323,1.0448092,1.021266,1.0509125,1.0486782,1.0585293,0.979831,1.010297,1.0026371,1.0216401,1.0608577,1.0212496,1.0139598,1.0310859,1.000485,1.0425553,1.0714044,1.0034221,1.0256021,1.0369296,nan
3,6780,1900286,84,101995,11.3328851,7.7791982,7.0689537,6.7694369,7.2598324,7.01736,6.5637961,6.5541461,6.503088,7.0396953,6.523114,6.5327336,7.1696765,7.03243,6.5945834,6.37026,6.521446,6.2794306,6.3054132,6.8663626,6.5611788,6.3110277,6.4503323,6.4731221,6.7059871,6.911034,6.571042,6.4981393,6.6662216,6.9416974,nan
3,6814,400251,31,57826,1.7900474,1.1089325,1.100544,1.1789232,1.1550485,1.1590478,1.071659,1.1488915,1.1263346,1.1101513,1.1080715,1.1205528,1.0412601,1.1347128,1.1317617,1.0831117,1.1132476,1.1350203,1.0479245,1.1541376,1.0949118,1.0571252,1.0293605,1.0883649,1.0807332,1.1047795,1.0467722,1.1138088,1.1461698,1.0940013,nan
3,6815,286523,38,34150,0.7450585,0.512418,0.4622476,0.4560393,0.452027,0.4509827,0.4391654,0.4357957,0.4481279,0.443509,0.4237976,0.4540526,0.4387359,0.4352931,0.4281315,0.4387876,0.4407797,0.4414203,0.4295409,0.441631,0.4362121,0.4201327,0.4626655,0.4345885,0.4401133,0.4379497,0.4348257,0.4325512,0.4385276,0.4303945,nan
3,6831,1882843,47,178684,8.6956277,6.2574587,5.8870793,5.7921795,5.6655808,5.6863895,5.6493778,5.2956611,5.4845573,5.4518681,5.5288957,5.278668,5.3760198,5.2294187,5.6529053,5.4314805,5.2860877,5.3106983,5.489395,5.1930336,5.4170106,5.3658204,5.2560466,5.5196929,5.5196465,5.4229146,5.2335264,5.2215264,5.2218535,5.2529688,nan
3,6846,52570,97,2542,0.3095962,0.1640805,0.1527667,0.1501896,0.1549566,0.152157,0.1524458,0.1440723,0.1519003,0.1441374,0.1514737,0.1425183,0.1479856,0.1404067,0.145923,0.1382036,0.1507881,0.1450928,0.1620616,0.1440259,0.1511618,0.1482555,0.1597333,0.1440558,0.1557474,0.1436814,0.1541678,0.1435996,0.1584735,0.1607599,nan
3,6851,488157,71,31267,3.0774608,1.9373365,1.6698746,1.8636935,1.8587078,1.8935917,1.7413282,1.8129518,1.7960187,1.8436864,1.7383151,1.7676176,1.8253931,1.7784131,1.620802,1.8248521,1.6558556,1.7095478,1.7478342,1.7500141,1.7590067,1.7330027,1.709206,1.6428134,1.7067648,1.7381465,1.5983608,1.7557726,1.6485889,1.7513876,nan
3,6855,622626,65,43576,1.850622,1.132569,1.1801628,1.1692382,1.0876889,1.0889005,1.1307765,1.0143758,1.0390421,1.061841,1.0940743,1.0589451,1.1241736,1.0957725,1.0466755,1.0579182,1.0456088,1.0618607,1.059355,1.0240932,1.0537604,1.0503756,1.0291071,1.0299986,1.0680679,1.0490359,1.0739962,1.0159858,1.0498503,1.0449035,nan
3,686,1686192,75,101407,3.9428512,4.0408792,3.31686,3.23123,3.1583794,3.2472998,3.2118824,3.1651262,3.0575937,3.4884301,3.1067491,3.1816318,3.4866599,3.5826051,3.1812286,3.445311,3.1462057,3.231124,3.3478428,3.395277,3.3313344,3.220628,3.1238643,3.0769265,3.5159872,3.2390736,2.8073565,3.0356377,3.2286789,3.4751405,nan
3,6863,537911,66,37069,3.0947587,2.0814184,1.8757086,1.8094883,1.8857118,1.8707206,1.8651106,1.7998675,1.8568786,1.8479199,1.7842913,1.8693048,1.8133884,1.6187104,1.8413448,1.7688408,1.8834131,1.7494123,1.8383438,1.7374819,1.6964908,1.7654528,1.7790463,1.8291469,1.7079206,1.7788149,1.8043716,1.7449012,1.6168205,1.6409158,nan
3,6870,111430,35,14503,0.6319529,0.3896982,0.3766963,0.3829378,0.3433302,0.3602631,0.3666113,0.3252448,0.3544684,0.3600561,0.3485189,0.3540805,0.3507424,0.3572024,0.3546508,0.3513874,0.3634882,0.3508588,0.3849501,0.3616056,0.3535947,0.3563229,0.367787,0.351301,0.3593541,0.3586834,0.3644084,0.3724986,0.3556603,0.3743135,nan
3,6901,1249920,50,112453,5.6988021,4.2152799,3.72438,3.7065721,3.633777,3.6958335,3.7018686,3.6278851,3.3921766,3.8478364,3.5042561,3.6124179,3.7282654,3.4409368,3.4849857,3.4615049,3.6013534,3.5708916,3.6919369,3.7179965,3.605837,3.5850913,3.5807883,3.7165457,3.6501656,3.5689075,3.5399357,3.5412671,3.7461505,3.5604109,nan
3,6907,1201432,54,100111,6.2678893,4.0773475,3.8075511,4.015189,3.8146324,3.6601066,3.6164508,3.6002381,3.6598319,3.6001822,3.533019,3.651195,3.597524,3.423091,3.7408395,3.7170104,3.5883144,3.4295639,3.7018729,3.4505929,3.5666929,3.4855307,3.5403689,3.5560755,3.5228131,3.6693796,3.7180338,3.7038691,3.5384205,3.3306371,nan
3,6911,1437305,72,90019,8.4269457,5.9102216,5.2974823,5.4792223,5.017157,5.403914,4.9350651,4.9811178,5.402655,5.1057519,5.1920693,5.0949111,5.348993,4.9571016,4.992635,4.8825513,4.9486438,5.0654137,4.773901,4.9748256,4.7896988,4.845351,4.836205,4.8817591,4.7766831,4.8561609,4.766813,4.8976574,4.5935218,4.862537,nan
3,694,875935,26,149989,1.5207172,1.2581663,1.1092974,1.2161277,1.1590621,1.1674357,1.2292682,1.0899555,1.1627725,1.0728361,1.0667801,1.0738862,1.1520677,1.0610463,1.1767339,1.170178,1.2497891,1.0438143,1.1137827,1.0882139,1.0572698,1.1340323,1.1620951,1.0985392,1.1419395,1.0774132,1.062673,1.1319692,1.1129677,1.038016,nan
3,6949,1945437,91,96460,12.9611838,8.3686767,8.2135371,7.8264346,7.815755,8.0088892,7.6973848,7.4651975,7.5110861,7.6731623,7.0801518,7.1553298,7.1235136,7.2134086,7.4263774,7.5353767,6.816907,7.7134061,7.2672773,7.1651797,7.4618377,7.148852,6.9814057,6.9655992,7.4205748,7.1969429,6.948422,7.5669977,6.9071356,7.1743355,nan
3,695,1816196,84,97555,2.6392195,2.1983709,2.1158485,2.0021473,2.089371,1.972571,1.9373937,2.142221,2.0207843,2.1379491,2.0502237,1.8826783,1.8390155,2.0118948,1.8590246,1.860699,2.0267439,1.8187194,1.9085687,2.1150526,1.9562324,2.2125602,2.0426588,2.0164112,1.8499432,2.0597548,1.8472433,2.0370318,1.8702418,2.0558713,nan
3,6954,711035,49,65401,3.4055922,2.6267918,2.5104849,2.623897,2.4336174,2.2719672,2.2322053,2.2535714,2.1885065,2.0822043,2.2314683,2.0747947,2.1443037,2.0345889,2.1848155,1.9711834,2.076528,2.0939764,2.0110351,2.078004,2.0106861,2.0211216,2.1144126,2.1409671,2.1316104,2.0119637,1.9553578,2.0056956,2.0055508,1.9673249,nan
3,6960,1200649,30,177919,4.627986,3.4837093,3.4235387,3.181028,3.3453606,3.1480198,3.4020643,3.1062259,3.3119544,3.2611037,3.0046521,3.0683747,3.1338419,3.1842694,3.0300066,3.2857436,3.0385937,3.0688907,3.1401058,3.0424908,3.0757096,3.0152012,3.1372717,3.0248168,2.9970015,3.1216664,3.1588637,3.1016973,2.9464083,3.1640627,nan
3,6977,1099394,26,188047,2.3168084,1.7581478,1.627832,1.4785033,1.5792725,1.4865605,1.5843986,1.4788215,1.4902421,1.5280444,1.4762599,1.5479096,1.5808558,1.5671654,1.4951998,1.5655342,1.5195897,1.5043101,1.4611638,1.5313026,1.429905,1.5074182,1.4917858,1.5361508,1.5408456,1.809108,1.8628471,1.5805939,1.4388207,1.5113164,nan
3,6990,600270,85,32158,2.0318577,1.3193092,1.2182919,1.2254773,1.2275587,1.1614237,1.1330159,1.2493983,1.138487,1.1414932,1.1489668,1.1046363,1.1629238,1.1146147,1.0995423,1.1416716,1.0368068,1.0819828,1.1201436,1.1197583,1.1586036,1.0837351,1.1382782,1.1405797,1.120706,1.1439053,1.0886453,1.0618893,1.1352549,1.0459387,nan
3,7016,436868,67,29872,1.3668084,0.8542514,0.8500409,0.8647782,0.82876,0.8122107,0.8060948,0.8181802,0.7306095,0.7920798,0.8094926,0.7787282,0.7928588,0.7672639,0.7832941,0.7542307,0.7634886,0.7863024,0.7766343,0.7437019,0.7553093,0.7772598,0.7508154,0.7175371,0.7404948,0.7350534,0.7879169,0.7503356,0.7694274,0.7423079,nan
3,7021,214517,19,49870,0.9808627,0.5756655,0.6456028,0.6410185,0.6212083,0.6360431,0.6089173,0.6294861,0.6478022,0.6189379,0.6362823,0.6061351,0.6078342,0.6036108,0.6200279,0.6072148,0.6308482,0.6084647,0.6201071,0.6158845,0.6086419,0.6257502,0.6309811,0.5956161,0.6208117,0.6256264,0.5657609,0.597258,0.6268668,0.600898,nan
3,7043,1021478,63,72880,2.960614,2.0474537,1.818101,1.9350159,1.8985151,1.7632964,1.7739501,1.7614732,1.7324035,1.6875009,1.7766623,1.6778801,1.7408467,1.7171365,1.7023652,1.7104424,1.724118,1.6748555,1.6996393,1.6516362,1.6413149,1.6576581,1.6804402,1.7457972,1.5797897,1.8259114,1.6745743,1.6893451,1.7088319,1.7027366,nan
3,7065,860831,32,119467,3.6877264,2.5609477,2.4035866,2.4707596,2.1651177,2.4287666,2.523252,2.3043982,2.3410289,2.3491999,2.4201087,2.3352617,2.323943,2.3814118,2.1987748,2.2674598,2.3523794,2.3524572,2.1537666,2.3243286,2.231393,2.2717408,2.3882822,2.2292811,2.3593948,2.2139242,2.3321722,2.3093947,2.0736169,2.4440116,nan
3,7075,1777174,47,169303,7.7760404,5.5003115,5.4136253,5.336881,5.5601223,5.1798394,5.3013016,5.2739536,5.0820069,5.0806052,4.8626338,4.9885841,5.2962674,5.0954673,4.799334,5.0725001,4.8685619,5.0252022,4.7044298,5.1221835,4.7922719,4.80003,5.0819325,5.0604742,4.8822521,4.7968266,4.7730777,5.04276,5.0186111,4.832027,nan
3,7076,823692,29,126427,3.2598299,2.2560977,2.3874775,2.2602387,2.0510862,2.3842786,2.1884549,2.1804778,2.1178248,2.295148,2.1444824,2.2104096,2.0991097,2.1328573,2.2375883,2.2530677,2.2103983,2.2768526,2.2327876,2.1169777,2.2530366,2.0541558,2.1205966,2.2458975,2.087264,2.2078925,2.0988043,2.2777971,2.1412699,2.1488019,nan
3,7082,1791105,27,291283,3.6762124,2.6854989,2.6207229,2.7905251,2.4524372,2.4860726,2.5549968,2.4407902,2.4323166,2.4028525,2.4983605,2.4386922,2.5464215,2.5443054,2.3931471,2.5585739,2.4201068,2.395814,2.5112483,2.4027886,2.5011085,2.3416537,2.3441953,2.5221373,2.3526496,2.5917392,2.3453609,2.3923633,2.5033056,2.3588673,nan
3,7083,862833,68,57664,2.4827829,1.747698,1.7488637,1.5978259,1.6937366,1.6268247,1.6123691,1.6204673,1.5538347,1.6001542,1.5217072,1.52062,1.5944577,1.5469679,1.5502584,1.5921734,1.5129605,1.5844588,1.5379095,1.557609,1.5612201,1.5126398,1.5024713,1.5250541,1.5947068,1.6496429,1.5320525,1.6105996,1.4557835,1.5190884,nan
3,7086,1016557,65,70561,2.8251352,1.8814189,2.1162006,2.2727533,2.1895559,2.1562487,1.8249963,1.6971445,1.7759671,1.7813711,1.7612592,1.7278556,1.7066844,1.8281412,1.6745975,1.6974334,1.8606669,1.6912703,1.724775,1.6904927,1.6443475,1.8094743,1.6819514,1.6282593,1.7385368,1.7798736,1.6559994,1.7723732,1.6945268,1.6514986,nan
3,7098,1863896,90,93622,11.5960102,8.3286672,7.8825369,7.4819484,7.4317586,7.2059223,7.2076191,6.8323279,6.9667185,6.6710142,6.740189,6.8008262,6.7515307,7.034284,6.8049044,6.8965597,6.7053629,7.3416028,7.0927712,6.6765678,7.1219665,6.6265545,6.4149867,6.7312762,6.8568552,6.7510507,6.7366352,6.7756234,6.7890268,6.5520241,nan
3,7106,194398,61,14611,1.3334593,0.7755048,0.7077543,0.7366315,0.6745828,0.7047583,0.6853096,0.7010515,0.6814583,0.672437,0.716518,0.7125406,0.6807757,0.7064471,0.6883177,0.6933193,0.6884755,0.6952572,0.7030147,0.6419741,0.6876955,0.6599761,0.7016334,0.7056901,0.6543222,0.666394,0.6854168,0.6673954,0.6868944,0.6655734,nan
3,7127,1026032,80,57958,6.5216964,4.2506222,4.04214,3.192854,1.9111121,1.8866172,1.9303534,1.9221269,1.9447749,1.8718399,1.9055403,1.926661,1.9856977,1.9134988,1.942539,1.8681522,1.911585,1.8893095,2.0050851,1.7865136,1.867308,1.8586049,1.890467,1.8991844,2.0160073,1.9649168,1.8252373,1.9099629,1.8760126,1.9306019,nan
3,713,338630,26,58471,0.3067598,0.2931529,0.2674886,0.2837777,0.2954255,0.2847561,0.2453818,0.2602706,0.2709894,0.2576949,0.2594682,0.2454708,0.249354,0.2542013,0.2468344,0.2549573,0.2503318,0.2414211,0.2421416,0.2545841,0.2562707,0.2522815,0.2511306,0.2558677,0.2561471,0.2420622,0.2661648,0.2443739,0.2604526,0.2485699,nan
3,7131,1816272,94,87367,11.9819046,7.4420486,7.3527043,7.0094658,7.3169334,6.7595772,6.7513305,7.1490164,6.8644101,6.9139766,6.7032203,6.7204216,6.6164066,6.5130422,6.8277231,6.7983146,6.8782669,6.2984008,7.0162712,6.7367995,6.8001762,6.8755801,6.2772404,6.4316842,6.7163257,6.7282751,6.9706545,6.8225907,6.4906545,7.2895289,nan
3,7132,1593139,26,270304,5.7014984,4.4000539,4.2235783,4.1550686,4.2102548,3.7894242,4.1689622,4.0594893,4.0112968,4.1931783,4.127245,3.7545694,3.9006722,3.9344272,3.7947815,3.8039533,3.9921444,3.8260029,3.9839841,3.9866721,3.8044584,3.8972249,4.0989955,4.3250845,4.0106802,3.9534586,3.8196025,4.0926143,3.8850114,4.0749117,nan
3,7144,757623,43,79450,1.8654812,1.2757661,1.2096117,1.2473503,1.1443773,1.1881054,1.2187267,1.1802167,1.1691155,1.1081093,1.1594556,1.1451984,1.1889007,1.1307549,1.1397676,1.1444754,1.1600602,1.1113023,1.1673385,1.1307164,1.1607622,1.173753,1.0762412,1.1611213,1.1563651,1.1682923,1.1313282,1.0822972,1.139541,1.1677308,nan
3,7145,1915331,99,87430,12.9032578,8.9572446,8.1920436,7.8427938,8.1465041,7.6293792,7.8582727,7.7622311,7.8991653,8.112847,7.7027434,7.473797,7.4934406,7.5722522,7.2249487,7.5355445,7.0722209,7.0848886,7.2190478,7.2039904,7.6195506,6.8582776,7.6308704,7.5115195,7.3641091,7.2739495,7.4469967,7.5170819,7.7469987,7.2672581,nan
3,7152,614315,87,32230,3.9823322,2.5938358,2.7192779,2.5177567,2.5338228,2.1602704,2.3970442,2.4640857,2.3726867,2.3714064,2.5358535,2.3553412,2.231807,2.3527327,2.4168686,2.4811149,2.3745381,2.3739315,2.1049054,2.3375578,2.2805852,2.3764061,2.3591697,2.344917,2.2754275,2.2392606,2.4499322,2.3689774,2.3466197,2.3626031,nan
3,716,1255840,71,79834,1.3836811,1.447985,1.3718769,1.1760436,1.3497572,1.345432,1.4196839,1.2998646,1.4439058,1.3221476,1.3681285,1.3821208,1.6256588,1.2482454,1.2139962,1.3026464,1.3647065,1.3048769,1.2948996,1.2467267,1.1835688,1.287571,1.35173,1.355375,1.3698154,1.2117746,1.321846,1.3840707,1.2997344,1.1913296,nan
3,7165,365910,16,100408,1.5458286,1.1159243,1.1052596,1.035068,1.0989186,1.0166518,1.063927,1.0604036,1.0475471,1.0479836,1.0334783,1.0240404,1.0009287,1.0295915,1.0118858,1.0210161,0.9973616,1.0608846,0.9188546,1.0244535,1.0432551,1.0533944,1.0143944,1.0203557,1.0077292,0.9977124,1.000972,1.042795,0.9554597,1.0165514,nan
3,7176,1395472,42,148327,3.4210313,2.2978775,2.3416929,2.1706326,2.1059245,2.0929968,2.1442038,2.1342255,2.3109155,2.0727506,2.0813953,2.2408679,2.0171894,2.0904211,2.1738289,2.1725541,2.1590785,2.3812613,1.973586,2.1471671,2.0566297,2.1713911,1.9632115,1.9561435,2.0718416,2.04429,2.1696176,2.0415729,2.0186753,1.9937944,nan
3,7187,1418418,77,83176,9.0803768,6.5629749,5.5645159,5.2899986,5.458236,5.2680301,5.2867231,5.2599185,4.9881286,5.1554733,4.9927303,5.0733752,4.9291414,5.1855385,5.0164271,4.776323,5.1276649,4.7796811,5.1690733,4.8761509,4.6310007,5.2065649,5.175358,4.8329609,4.6295712,4.8748538,5.0541521,4.6740314,5.0327908,4.7320195,nan
3,7192,1836238,70,118315,10.3024183,6.9899421,6.4520553,6.230512,6.3877514,5.9121261,6.0635384,5.7917241,6.0622355,6.3674776,5.9598736,6.3109847,6.2347177,6.006605,6.2197518,6.199349,6.3467845,6.2015907,6.3254179,6.3793307,5.9158528,6.1677964,6.0916757,6.2294755,6.562211,5.9722491,6.2029151,5.9273199,6.0385805,5.801547,nan
3,7192,903246,15,256918,3.4897128,2.7475129,2.6880373,2.7159041,2.3118511,2.4098607,2.3835986,2.3560969,2.3115738,2.364425,2.3636638,2.3566093,2.4569569,2.4270166,2.3457646,2.409974,2.4766057,2.4501396,2.4250976,2.4435737,2.4511483,2.293417,2.2644611,2.5280983,2.2997802,2.4726876,2.4353004,2.2962628,2.4914391,2.4796377,nan
3,7194,29716,66,2053,0.2092746,0.0897548,0.0849275,0.0877553,0.0893959,0.0953489,0.0892955,0.0896062,0.089905,0.0934674,0.0928248,0.0882276,0.0940278,0.0887102,0.0865585,0.0919309,0.085915,0.0851223,0.0889162,0.0899743,0.0869269,0.0933985,0.0888171,0.091881,0.0873483,0.0825424,0.0890046,0.0891898,0.0851588,0.090649,nan
3,7198,1180941,21,248233,2.4289301,1.8332044,1.7820926,1.8493659,1.6298965,1.6531993,1.7313589,1.5543094,1.5935663,1.578315,1.6302321,1.7114277,1.6536763,1.5515378,1.6099112,1.642401,1.5174155,1.6367293,1.7644514,1.6072663,1.6504663,1.5352878,1.6270465,1.5197146,1.6432509,1.5653763,1.9935443,1.5957629,1.6264678,1.6846894,nan
3,7198,819397,78,47797,4.9663289,3.5111952,3.4734175,3.3137932,3.068813,3.2268293,3.0877221,3.0488602,3.0193202,3.1069534,2.939557,3.0679915,3.2622502,2.8089827,3.1391706,3.0391621,3.0439961,2.8340764,3.0718736,3.0540048,2.8448673,3.0471349,2.8485013,3.1314208,2.7971109,3.0713436,2.9031645,2.7785939,3.2056803,2.7668427,nan
3,7205,1232263,46,120724,5.5301239,3.928414,3.5995065,4.0206956,3.6548769,3.5694209,4.4507323,3.6915907,3.4716876,3.6756995,3.5353522,3.6014616,3.4096216,3.4515474,3.3804812,3.5706494,3.6461717,3.5736393,3.5360382,3.6227882,3.6316469,3.355344,3.5493515,3.4485686,3.4999417,3.6130152,3.5818286,3.7250603,3.5292624,3.320885,nan
3,7227,1406543,76,83443,8.4876382,5.6021759,5.3307665,4.9754603,5.1119073,5.005627,4.9573729,4.6742827,4.8456616,4.8484522,4.8877399,4.7624678,4.8596093,4.9547964,4.8348724,4.9869451,4.871725,4.8259952,5.183114,5.122143,4.6938943,4.601573,4.8961439,4.8019614,4.7767929,4.6224301,4.8783608,4.954063,4.8315453,4.7269907,nan
3,7227,436859,93,21493,3.1088625,2.141984,1.9022745,1.8437856,1.8804821,1.9277397,1.9057617,1.7637197,1.812183,1.8403784,1.8057911,1.6919354,1.6997151,1.7121215,1.7416757,1.7402958,1.7815845,1.8290898,1.8011019,1.7191695,1.7998885,1.8168972,1.7668517,1.852415,1.751213,1.7618751,1.6410472,1.6927616,1.7490002,1.6364538,nan
3,7228,827073,75,50056,4.8301234,3.2916031,2.8777526,3.0496892,3.0470499,2.77664,3.0076506,2.9707491,2.8266309,3.0098812,2.7605714,2.9076192,2.9705212,2.9305378,2.9426305,2.7450721,3.027969,2.797369,2.9934764,2.7533815,2.8772454,2.8943438,2.8147809,2.9215553,2.8156605,2.6996685,2.8230764,3.0339324,3.0280031,2.6925986,nan
3,7234,1001361,38,117013,4.2842874,2.9615726,2.7673392,2.7979153,2.8630394,2.6879029,2.7296852,2.4933377,2.7280235,2.7828789,2.627343,2.6500512,2.5618468,2.8295046,2.6170033,2.7773128,2.845482,2.6650003,2.8476652,2.7956101,2.7597771,2.8338357,2.7819292,2.7255302,2.686104,2.5376181,2.8001559,2.4836254,2.7036019,2.4444821,nan
3,7244,1744021,40,194716,7.6382017,5.3408256,5.1292291,4.9311027,5.1008036,4.818688,4.966519,4.980616,4.7390993,5.0143734,4.652679,4.9248671,5.0511055,4.9736242,4.9262735,4.6726662,4.8187783,4.6741107,4.9997081,4.7610772,4.645443,4.6696113,4.6032589,4.6895548,4.774773,4.6985802,4.728634,4.8685902,4.9238993,4.4392346,nan
3,7271,1854904,57,145819,4.8015968,3.4262823,3.1701605,3.1717936,3.2150941,3.196828,3.1219533,3.0608189,2.9171696,3.1809498,3.1318043,2.9312024,3.2038297,3.0224218,2.9831517,3.0979763,3.0227698,2.8109476,3.1100952,2.8091164,2.9210234,3.0727298,2.986526,2.849315,2.9606085,3.0216474,3.0230108,2.8836011,2.8462985,2.774996,nan
3,729,1075258,25,191275,1.6073738,1.4717976,1.4487048,1.4000464,1.3182992,1.3915059,1.2878356,1.3019705,1.3974263,1.3735524,1.4107236,1.3069097,1.3510845,1.4079706,1.4032002,1.4180258,1.3287382,1.4084095,1.371519,1.3478877,1.326767,1.3006014,1.3617041,1.3448014,1.369124,1.3897447,1.3135393,1.3571108,1.3979105,1.3216467,nan
3,7297,602937,87,31645,3.9826855,2.824762,2.6598036,2.5320021,2.5035412,2.4578619,2.5067297,2.5269978,2.4400759,2.3943193,2.4585395,2.4963398,2.29853,2.3926821,2.3458245,2.5873022,2.3835808,2.2746648,2.3524987,2.2755679,2.2518622,2.24861,2.3518069,2.3721903,2.3328434,2.3527082,2.3104933,2.4047425,2.2374983,2.1747017,nan
3,7301,1502043,62,109165,7.8403335,5.4281916,5.1285196,5.0640713,5.2237814,4.8767573,4.9793107,4.7689443,5.1680152,4.8394025,4.7827985,4.8790117,4.666377,4.6812459,4.7036519,4.5722714,4.7525593,5.1085417,4.7791621,4.7518247,4.7721952,4.7309628,4.7045135,4.8226813,4.4664975,4.6610223,4.6335226,4.562449,4.4631487,4.7961023,nan
3,731,586354,92,29050,1.5103726,1.5671787,1.43037,1.3659336,1.3354562,1.4273531,1.4074291,1.3633907,1.5003296,1.3535301,1.3579909,1.4134512,1.2554675,1.4981761,1.3735534,1.5746849,1.5824219,1.402759,1.4769208,1.388156,1.5050438,1.5369935,1.300165,1.5307539,1.4944667,1.2650258,1.4380489,1.4923834,1.4261744,1.4625598,nan
3,7323,1230120,57,97393,6.0621658,4.6361764,4.0707825,3.8799445,3.9451005,3.8326226,4.0222461,4.0851007,3.9070234,3.9740921,3.9474569,3.8886299,3.7900739,3.7353117,3.682537,4.0328753,3.8057321,3.6348346,3.8211013,3.8516185,3.9596826,3.6683976,4.0257164,3.9527226,3.7384933,3.6563098,4.0692925,3.7299834,3.7537056,3.8614267,nan
3,7333,332923,11,129901,1.4488069,1.1062048,1.0633107,1.0477131,0.972041,1.0617311,1.0217888,1.0516481,1.0367885,0.9274322,1.0333075,1.0560941,0.9807653,0.9902146,0.9764344,1.0590229,0.9503681,1.0121513,0.9353968,1.0271209,0.9501969,0.9615881,1.0235264,1.0570435,1.0016626,0.930332,1.0407353,1.0285342,1.016041,1.0696936,nan
3,7344,1472380,71,93541,7.9884237,5.6661914,5.2152095,5.0275787,4.9517818,5.0707426,5.031971,4.9766431,5.0033913,5.1804205,4.9124199,5.114266,5.1005431,5.3190423,4.9518866,4.9630663,4.8768676,4.8700014,4.7006714,4.6789675,5.1322715,4.8089486,4.9882383,4.5921789,5.1287476,4.9415947,4.8755943,4.7797242,5.0365858,4.9488737,nan
3,7358,817934,69,53725,4.8788395,3.0810941,2.9272776,2.8852016,2.8518675,2.6182449,2.7741101,2.7772794,2.7441462,2.7818489,2.9052137,2.776757,2.6800337,2.7153113,2.7078381,2.7411317,2.6755595,2.7277165,2.6826827,2.8534581,2.950414,2.7786381,2.9640479,2.7153897,2.6652454,2.7132018,2.7543873,2.7754772,2.7870664,2.7732092,nan
3,7370,1958534,98,90346,12.8061901,8.9070471,8.2814703,7.8696835,8.3492629,8.1253338,7.8932055,8.4030695,7.611819,7.3183025,8.6522408,7.6426821,7.9779902,7.9922802,7.9479457,7.6004325,7.5387302,7.9491597,8.1785291,7.8814102,7.8043797,7.2496332,8.1792878,7.4331504,7.6234927,7.136495,7.2731235,7.629354,7.7824778,7.3355962,nan
3,7409,1956543,24,355663,3.9721705,2.934434,2.743148,2.9260158,2.622546,2.6743447,3.1665098,3.3554251,2.6255903,2.6600894,2.7371909,3.1529142,2.5057166,2.7995494,2.5601365,2.7758539,2.5675473,2.5581993,2.8675866,2.7087972,2.5669828,2.6432565,2.6559769,2.7178722,2.7004612,2.5772668,2.5415313,2.7740433,2.7582217,2.5487231,nan
3,7414,1129010,30,167698,2.4511592,1.8054652,1.7493087,1.8367802,1.6219997,1.7072702,1.6416183,1.5877153,1.6624985,1.6814442,1.5474628,1.6902171,1.587451,1.6398455,1.6343492,1.6930027,1.689715,1.6416723,1.5434637,1.6266661,1.6796076,1.6272772,1.5985297,1.5860359,1.5551864,1.6108363,1.6205452,1.5905193,1.6677569,1.6109371,nan
3,7419,1521954,35,193561,6.4769771,4.7864487,4.388349,4.2507535,4.1268095,4.1381145,4.3428973,4.1641075,4.2651805,4.1190722,3.9718923,4.1377984,4.2625725,4.0826578,4.0194217,4.1278634,3.978692,4.137752,4.3460772,4.4059095,4.0586599,4.2003035,4.3142864,4.2803368,4.218193,4.1672998,4.0792928,4.1486679,4.2237754,4.2142417,nan
3,7440,1718123,53,145459,4.468501,3.1396863,3.4694629,3.6581818,3.0148545,3.035564,2.7074375,2.9955047,2.6343388,2.839809,2.7090811,2.8464755,2.6978296,2.6886857,2.6372449,2.7682644,2.7513083,2.5546611,2.7843287,2.5816882,2.8713536,2.6156358,2.7034374,2.7557648,2.5721595,2.6965515,2.5789499,2.6372246,2.7497161,2.6466533,nan
3,7485,211669,40,24151,0.573813,0.3755607,0.3357717,0.3716502,0.353454,0.3341917,0.3598465,0.3495295,0.3266709,0.3552808,0.3471152,0.3382013,0.3664518,0.3294199,0.362889,0.3421899,0.3639832,0.3419592,0.3554811,0.3638277,0.3424522,0.3494832,0.3292225,0.3418541,0.3357213,0.3334411,0.3458727,0.3426666,0.3522513,0.3208737,nan
3,7490,1559805,87,80893,5.1361761,3.4925009,3.4338436,3.2977267,3.5369703,3.7428362,2.9847899,3.235426,3.2189615,2.9428679,3.2061991,3.0800759,3.3258413,3.1502874,3.0360447,2.8857031,3.1790579,3.0484371,3.118682,2.9298521,3.1094298,2.8168347,2.8417685,2.9550747,3.1277259,3.0030062,3.1209033,2.818013,3.0552765,2.9125965,nan
3,7499,933699,55,76408,4.8656657,3.0872924,3.2090236,3.1946591,3.0207428,2.760138,3.0771015,3.0463664,2.9801494,3.1175965,2.9003197,3.0630261,2.9922907,2.8732229,2.9333506,2.9541938,2.8759543,2.786682,2.7735729,2.7123532,2.7726555,2.5804506,2.7150115,2.9415516,2.7802074,2.9996398,2.82295,2.7169186,2.8813083,2.7470799,nan
3,7506,1105942,29,170185,4.6291476,3.2493773,3.0770987,2.988136,3.0476495,2.9681431,3.0612623,2.9965143,3.0728141,2.8275258,2.9782906,3.0292264,2.8652264,2.8867787,3.1218555,2.7958536,2.818733,3.0001722,3.082776,2.9274916,2.9641212,3.0185269,2.8887024,2.9710693,2.8517411,2.9481736,2.7773353,3.0014065,2.8263182,2.970554,nan
3,7514,185395,39,21526,0.5471348,0.3431376,0.3330786,0.3320798,0.3358938,0.3230217,0.3360234,0.3217868,0.3187602,0.3236176,0.2950931,0.3108281,0.3118801,0.3099571,0.3077672,0.3045927,0.3124267,0.3006348,0.3148175,0.2944046,0.3002383,0.2968524,0.3068137,0.2925304,0.2912978,0.2886876,0.2881156,0.3187414,0.2980968,0.3127508,nan
3,7517,599112,88,31045,2.1373869,1.5216895,1.5851541,1.5045683,1.4732468,1.4704597,1.315095,1.3011757,1.2448478,1.2351542,1.294267,1.2535132,1.2657464,1.1597043,1.19158,1.2379113,1.1917,1.2023639,1.2092596,1.1889009,1.1461669,1.2177831,1.273807,1.2232321,1.2434688,1.245391,1.2039942,1.1688237,1.2317981,1.2437637,nan
3,7520,784060,72,49441,4.5205487,3.1874773,3.0746769,2.9769588,2.6246801,2.8930318,2.7767039,2.6028261,2.856415,2.9329019,2.7638659,2.8298742,2.7214718,2.753436,2.8924039,2.7393291,2.7221727,2.6802142,2.6972966,2.8075177,2.6296698,2.5914693,2.6949351,2.5525929,2.9513922,2.4498787,2.6324106,2.7904805,2.5406016,2.8997484,nan
3,7536,839426,67,56560,2.4265806,1.6453155,1.6028242,1.5645075,1.5343347,1.5601352,1.48935,1.5048717,1.5520154,1.5000908,1.486865,1.6222475,1.4516679,1.5089954,1.4984061,1.5083236,1.4706568,1.4277503,1.5748914,1.5039279,1.6090625,1.4729852,1.4599558,1.5055625,1.3909887,1.4205394,1.4053431,1.5391286,1.4618032,1.5634706,nan
3,7545,1093591,53,92746,2.8569498,1.8905451,1.9684375,1.8824414,1.7977036,1.7631285,1.8713498,1.8050868,1.8032638,1.7998451,1.8383541,1.7871261,1.8027553,1.7789185,1.8073615,1.7455179,1.7750859,1.7294854,1.7672523,1.6606201,1.7606663,1.6928979,1.7321847,1.6661243,1.7208389,1.7682246,1.8241312,1.8586581,1.8369614,1.6254985,nan
3,7547,1977324,41,215272,8.4870585,6.1055275,5.8311555,5.7806453,5.7301583,5.6670406,5.6974109,5.7827321,5.4586785,5.7973135,5.6185433,5.4510339,5.4810062,5.5635545,5.4391338,5.619552,5.549906,5.3352962,5.5030231,5.5523609,5.4395667,5.1639915,5.7433805,5.3343562,5.3081431,5.6746372,5.6180875,5.3632435,5.3453743,5.3342658,nan
3,7550,1967528,39,224950,8.3388301,5.9216748,5.778651,5.7313147,5.5247227,5.5660028,5.3208926,5.4769202,5.2416408,5.8366701,5.6038843,5.3400877,5.2932073,5.1202409,5.3089344,5.2627311,5.589195,5.4462713,5.1546156,5.3522782,5.0942391,5.4214588,5.0586012,5.3263921,5.3050052,5.1180208,5.1411992,5.1431571,5.3277762,5.1794795,nan
3,7568,1202130,49,110209,5.556639,4.0327898,3.8878081,3.6367655,3.5827447,3.6524926,3.6026983,3.6799946,3.549208,3.5672845,3.5688919,3.5255438,3.4902144,3.5621961,3.6698898,3.5778236,3.4131755,3.6109482,3.6853004,3.29712,3.4482404,3.4808473,3.3679573,3.6119002,3.5400299,3.5725814,3.5383725,3.4376007,3.3211319,3.556539,nan
3,7572,1394633,60,104869,7.5473414,5.4861527,5.3902874,4.8400057,5.0766644,4.7621273,4.8149034,4.920588,4.5800941,4.7947061,4.7007529,4.5408302,4.5848024,4.4115578,4.5600452,4.4927915,4.7356947,4.7914063,4.3022698,4.6809802,4.7607737,4.7007478,4.4926923,4.7229067,4.6784849,4.5123531,4.3999546,4.3364749,4.3198636,4.2969208,nan
3,7588,723170,69,47581,4.696786,2.7471546,2.8691858,2.6185619,2.6626826,2.6346229,2.482271,2.6487906,2.6261598,2.3617583,2.5726125,2.4287872,2.3457537,2.7510574,2.6047948,2.5158003,2.353422,2.4156068,2.567238,2.4519922,2.4820908,2.2622049,2.4961236,2.6370315,2.3502224,2.5856846,2.3457487,2.4532616,2.5828873,2.3557239,nan
3,7599,1123403,65,78061,5.8613524,4.1183579,3.9745616,3.8503248,3.7813647,3.9353059,3.6909046,3.6742024,3.7773062,3.8061004,3.8810461,3.7706435,3.7184109,3.8767527,3.7585745,3.7579216,3.8059094,3.8010054,3.6846932,3.8977465,3.4842856,3.6974041,3.7111395,3.8069504,3.6831593,3.6909496,3.9017796,3.5417031,3.8596489,3.7157955,nan
3,7607,1136195,99,51925,7.6926512,5.5262599,5.4630651,4.8804914,4.7503452,4.8132385,4.9086885,4.5214662,4.6266542,4.6874997,4.7573668,4.7506089,4.6469562,4.7202202,4.7972394,4.6240366,4.4314069,4.5717505,4.6372911,4.5514562,4.6641802,4.7752086,4.6422946,4.6275542,4.6577917,4.5358705,4.471648,4.592248,4.4677923,4.5364522,nan
3,7608,580005,77,34264,1.9275811,1.2722677,1.2570253,1.2121563,1.256816,1.1887902,1.2445982,1.1711804,1.1215223,1.1703979,1.1060822,1.1256518,1.1316492,1.0896907,1.141183,1.1379161,1.1013192,1.1360578,1.1311141,1.1308482,1.1148483,1.1008805,1.1678391,1.1002099,1.1256938,1.1148425,1.1444955,1.0796303,1.1305525,1.1328017,nan
3,761,1114744,33,151294,1.7030319,1.7753615,1.4999971,1.6504162,1.5575787,1.7872104,1.6751717,1.6843633,1.5387288,1.6945122,1.6076612,1.7149413,1.5882844,1.7012457,1.5927389,1.5055871,1.7755526,1.9739808,1.6897204,1.6164304,1.6565504,1.8186644,1.6636341,1.5350847,1.4843188,1.6591028,1.5496162,1.5118914,1.5827047,1.6322926,nan
3,7615,957781,80,54322,6.0880217,3.8872981,3.8570483,4.0361343,3.5202383,3.9119997,3.6548264,3.2723353,3.4540222,3.6373117,3.4143594,3.7814141,3.7673901,3.5978156,3.4960061,3.4285953,3.4081628,3.8795374,3.2683731,3.4351686,3.2342541,3.7772954,3.3475138,3.3888435,3.5635951,3.3912319,3.3861015,3.4189026,3.3094501,3.6307402,nan
3,7617,1140735,24,211873,4.4174708,3.2814419,3.2113681,3.0905132,3.0895435,3.1586704,3.036515,3.028711,2.9276336,3.0167696,2.9300405,2.9367977,3.111548,2.8571751,3.1255693,3.0412961,2.8380757,2.8991419,3.0340122,2.7768217,2.9721422,3.0861791,2.7844375,3.0116922,2.9925971,2.8689876,2.9395498,2.824588,2.8926097,2.954383,nan
3,7623,1464821,63,104818,4.2657309,2.9001316,2.5997138,2.5051828,2.7165755,2.6310952,2.4313164,2.5837236,2.4789894,2.5772542,2.5551175,2.5554315,2.6219657,2.510042,2.4081423,2.5920403,2.5070379,2.5372556,2.406238,2.5419799,2.33756,2.571215,2.522866,2.4851439,2.5228325,2.4857462,2.4766,2.3814748,2.4900356,2.3982568,nan
3,7629,572562,48,53710,1.4992156,1.0540871,1.0163933,0.9573498,0.9489113,0.9074841,0.9374137,0.9350672,0.8441686,0.8771776,0.8673398,0.88694,0.9103468,0.8641162,0.8497074,0.8776773,0.9117937,0.8685166,0.8890922,0.9096235,0.8946295,0.9110473,0.9184273,0.857852,0.8563231,0.8524307,0.9060094,0.9093522,0.9144224,0.8556295,nan
3,7640,302322,75,18418,2.2176714,1.334033,1.2958434,1.2085033,1.2135937,1.1706233,1.1002216,1.2341549,1.1115914,1.128715,1.1786683,1.0544057,1.0912212,1.090056,1.1597414,1.1655854,1.1715461,1.0436977,1.1548148,1.078317,1.1723892,1.0438116,1.0922206,1.1083097,1.0056333,1.1248324,1.1331325,1.1288148,1.0737086,1.1445818,nan
3,7648,799362,43,83542,3.774232,2.5027827,2.5411531,2.4409641,2.4536599,2.367993,2.4954295,2.4529264,2.3749884,2.3802313,2.1977239,2.3662299,2.2912585,2.3994411,2.2371876,2.2819159,2.2926127,2.2592354,2.2863012,2.1227758,2.3249916,2.3655742,2.2421976,2.3811711,2.3477919,2.2531129,2.3931441,2.1702554,2.4552607,2.2377434,nan
3,7653,1844787,72,115363,10.569066,7.3120413,7.1214294,7.6011599,7.2449957,6.8569874,6.948595,6.6640589,6.4525526,6.7319537,6.6242323,6.3208277,6.8023911,6.8338416,6.3110292,6.3131809,6.1234204,6.3736595,6.2676015,6.312231,6.345789,6.6215998,6.3960723,6.4408331,6.4236955,6.3738312,6.1239532,6.4055761,6.3357835,6.5402836,nan
3,7662,1614674,42,172036,3.7259,2.7899515,2.5678597,2.5082473,2.4791473,2.6095004,2.4087459,2.4287849,2.4199259,2.4996582,2.383249,2.3862764,2.4710948,2.3794522,2.4203109,2.5309279,2.3510609,2.4736342,2.3669138,2.4323804,2.3633097,2.4596978,2.5048788,2.4479466,2.4417114,2.3202727,2.5033552,2.5211349,2.3526507,2.4007676,nan
3,7662,1810180,47,172327,8.3738854,5.9703666,5.583309,5.5516936,5.5106545,5.113895,5.3064053,5.3805822,5.2090764,5.2303032,4.9645395,5.3822577,5.0335668,5.0951401,5.1060737,4.8697408,5.015775,4.9387629,5.1170297,5.0259724,5.1339547,5.3148252,5.1562583,4.9800567,4.9065274,4.9885174,5.2131059,5.1187547,4.90915,5.0186949,nan
3,7666,1563683,31,223990,5.9360848,4.3680274,4.3966196,4.2481077,4.0422235,4.1228071,4.0959485,4.0171169,4.1595147,4.0930944,4.0788561,4.285606,3.9821038,4.0201716,4.0585452,4.1396469,3.9841125,3.9825585,4.2439984,3.9494229,4.1279707,4.1905084,3.9745445,4.1416825,4.1533461,3.9647014,4.1213643,4.1574921,3.9460054,4.0080104,nan
3,7684,1888390,93,91954,11.9085405,8.0580858,7.2410507,7.5673146,8.1030618,7.0704211,7.4852344,7.2155606,6.8534118,7.5422629,7.7606163,7.6960413,7.309763,7.3610329,7.436457,7.4062124,7.0378518,7.4379407,7.2347318,7.224473,7.6337017,6.7915389,6.821541,7.563013,7.5866897,6.6965326,7.566456,7.0997117,7.0289237,7.3153966,nan
3,7686,448393,89,23038,1.6180679,1.0193094,0.9797645,0.9773902,0.9676986,0.9756604,0.846164,0.9547492,0.9019271,0.9029248,0.8573365,0.9116786,0.8564,0.8841108,0.8934253,0.896225,0.8922292,0.859022,0.9246266,0.838925,0.8485178,0.8758098,0.9098643,0.8829532,0.9361718,0.8700008,0.8891584,0.8482707,0.8828509,0.8577365,nan
3,7694,353324,61,26413,2.1202748,1.3950987,1.3421715,1.3048128,1.1681345,1.1794181,1.2785089,1.1539639,1.169858,1.283972,1.2496422,1.1990283,1.2441974,1.1436769,1.1775427,1.2403073,1.2060293,1.19356,1.2812359,1.2197505,1.1369116,1.2537604,1.1470056,1.1710247,1.165535,1.1774226,1.2307793,1.1292528,1.1459587,1.1498018,nan
3,7697,1262033,27,207592,5.1014757,3.8383404,3.3875462,3.5913146,3.3501761,3.5077173,3.3242388,3.5210508,3.3375984,3.3624142,3.2436163,3.2599005,3.3339607,3.422001,3.2913161,3.2775241,3.2146106,3.414569,3.4274214,3.4787395,3.1703651,3.4486822,3.2094123,3.329377,3.2301698,3.3617772,3.1159333,3.3754019,3.3003047,3.4429436,nan
3,7705,1222616,96,57880,8.6085066,5.9506424,5.735078,5.1359076,5.4907036,5.0505447,5.3749532,4.980403,5.102553,5.1771869,4.9117828,4.8480707,5.2186559,5.0016277,4.9658909,5.1063562,4.7585308,4.9013204,4.7429348,4.820716,4.733688,5.0673696,4.6840346,4.7637358,4.7934758,4.7829645,4.9269335,4.8377892,5.0224464,4.6130371,nan
3,7706,172864,45,17500,1.02124,0.6334214,0.6072855,0.615343,0.6037247,0.5884819,0.602954,0.5994659,0.5731305,0.6188107,0.613584,0.5699203,0.5979767,0.5689454,0.595342,0.5919456,0.5717491,0.5638278,0.5811871,0.5666369,0.55783,0.5262335,0.4940174,0.566017,0.556625,0.5506725,0.5511968,0.5175619,0.5726121,0.5831571,nan
3,7728,165502,30,24850,0.8711339,0.5446685,0.5130967,0.5118462,0.53563,0.5278621,0.5544353,0.5406327,0.4944196,0.5225924,0.5278153,0.5338059,0.5256325,0.5394783,0.5234009,0.5337447,0.5284951,0.5227392,0.540627,0.5114369,0.5410604,0.5066912,0.5299296,0.5112448,0.5364866,0.4998841,0.5264456,0.5368571,0.5268723,0.5112703,nan
3,7743,1712466,34,223528,7.4033718,5.0778872,4.8367173,4.8796599,4.7882301,4.6629157,4.7840941,4.7752588,4.7729223,4.7573992,4.7048059,4.9570292,4.6463007,4.6607048,4.6560004,4.6198803,4.6058454,4.7700174,4.7312449,4.8544946,4.9440699,4.8853092,4.5766307,4.8258312,4.4442934,4.4520313,4.6904359,4.5662381,4.7322009,4.6240086,nan
3,7779,1817623,87,94423,11.3117905,8.0054382,7.5160895,6.9459739,6.639483,6.6303717,7.1491543,7.0078805,6.835298,6.9794462,6.92654,6.7958586,6.4810346,6.361099,6.8024883,6.5401408,7.0222698,6.9927065,6.6566911,6.6370047,6.6427538,6.3860218,6.5696084,6.5632755,6.9310997,6.7873574,6.4175335,6.767249,6.4683037,6.9091808,nan
3,7796,1465183,36,181480,3.3435431,2.3420967,2.3711131,2.4282895,2.3402359,2.3319821,2.2535533,2.2694684,2.0979966,2.1649881,2.2562999,2.3387776,2.0281694,2.2658583,2.2706173,2.1087098,2.1333584,2.0183748,2.0468605,2.2266663,2.175365,2.1032201,2.2680838,2.0359086,2.1541716,2.029491,2.1732345,2.0628841,2.0347791,2.1798449,nan
3,7802,164072,53,14203,0.5438392,0.3298889,0.3330009,0.3165112,0.3124849,0.3134827,0.3137248,0.3136371,0.3105871,0.3198896,0.2989888,0.2965731,0.2843702,0.3201054,0.2920423,0.3093057,0.3176906,0.3072355,0.3187118,0.3061735,0.3118276,0.3200206,0.3052388,0.314586,0.3178235,0.3174349,0.3146746,0.3180137,0.3205432,0.3108418,nan
3,7810,910117,17,230050,1.9541713,1.4712951,1.3928421,1.3739654,1.4336768,1.3055469,1.3998711,1.3821622,1.4449325,1.4075389,1.3894646,1.2736238,1.3634005,1.3599738,1.3804152,1.3575609,1.2904631,1.3951394,1.3346913,1.5156781,1.6555747,1.3264155,1.2636239,1.3218851,1.2555593,1.3185402,1.3145949,1.2413226,1.3174906,1.3869655,nan
3,7839,1532064,86,80398,5.0744639,3.2525462,3.1965122,3.1143389,2.9333569,2.9140574,3.072602,2.8832718,3.1608517,2.9886184,2.9374843,3.0233074,2.9324437,2.8755102,3.118502,3.1433078,2.9707732,3.064793,2.9153678,2.9711425,3.1174267,3.4673034,3.3130683,2.8181424,3.0046907,2.8230565,2.9266981,2.8453609,2.8934769,3.0485737,nan
3,7841,315737,62,23254,2.0868515,1.2853412,1.2322726,1.1907701,1.1521866,1.2079707,1.1485248,1.0873383,1.1565277,1.0628358,1.0843763,1.1131892,1.0558333,1.1067256,1.092247,1.1273597,1.1628314,1.1208609,1.0851158,1.081532,1.0342671,1.148336,1.0802973,1.0978496,1.0702533,1.0461382,1.1252928,1.0291229,1.0804453,1.0874434,nan
3,7845,1166281,42,124675,5.6599419,3.9659651,3.7432236,3.7080164,3.6861598,3.3707081,3.5955512,3.5225529,3.5382862,3.5699858,3.3993687,3.4773397,3.6018677,3.5153296,3.3786359,3.5030617,3.3313361,3.5970082,3.5400735,3.3971696,3.2331701,3.5334572,3.4377779,3.2979486,3.4340298,3.4254191,3.2694998,3.3859287,3.2637723,3.4121744,nan
3,7855,916455,44,93520,3.7318408,2.7948226,3.1161943,3.2343484,3.285644,2.955451,2.8580795,2.630917,2.7471609,2.729199,2.7887873,2.709856,2.7734027,2.746868,2.6304933,2.7770523,2.4691551,2.5477918,2.7560558,2.6187884,2.6779799,2.7033917,2.5399378,2.5647377,2.719292,2.7588344,2.6451453,2.5715989,2.667876,2.7004273,nan
3,7862,440482,29,67984,1.9143952,1.3284609,1.3166041,1.3181054,1.2698362,1.1649227,1.1628205,1.2420925,1.208378,1.2125768,1.3372219,1.2805314,1.2985941,1.1855818,1.2700112,1.2765938,1.2479393,1.2392483,1.1808753,1.2239546,1.2004526,1.1749088,1.18917,1.2131346,1.2164133,1.1761793,1.159407,1.2347392,1.2503562,1.2687279,nan
3,7866,922737,65,64114,2.7595086,1.7530497,1.7790903,1.7114017,1.6199233,1.7649915,1.6433977,1.6101152,1.7564622,1.6719078,1.6181506,1.6852338,1.6714786,1.8040609,1.6848118,1.6406678,1.6206186,1.7398623,1.6697789,1.7908848,1.6967976,1.6394329,1.7153483,1.6278125,1.6170022,1.6149105,1.6724823,1.5947874,1.6758651,1.6051648,nan
3,7872,461287,82,25630,1.6460273,0.9775727,1.0057781,0.9859408,0.972631,0.960197,0.9086202,0.9558347,0.9225744,0.8826678,0.9191045,0.8892866,0.9183234,0.9238481,0.9286881,0.9262484,0.9188438,0.8578067,0.8984645,0.8813915,0.8237752,0.9174768,0.9048622,0.9050223,0.8524521,0.8994014,0.9091847,0.9010727,0.8821733,0.8668004,nan
3,7877,199748,44,20551,1.1614677,0.7183765,0.7032533,0.6913028,0.7229,0.6857386,0.6825751,0.5798724,0.6398366,0.6689987,0.6311003,0.6658574,0.6203235,0.6570454,0.6788872,0.6352646,0.6283903,0.635074,0.6160523,0.6325263,0.6873631,0.6431712,0.6342644,0.6411046,0.6577171,0.6766821,0.6321957,0.6440196,0.6565569,0.6194394,nan
3,7899,944990,29,144073,3.9242154,2.6900422,2.7088829,2.626343,2.561459,2.4372801,2.5131044,2.4857658,2.4999302,2.5742114,2.6574293,2.498251,2.4776942,2.4814134,2.5311327,2.4697591,2.5875032,2.470271,2.5272522,2.541155,2.6997015,2.6265221,2.5701132,2.5920718,2.5395218,2.45129,2.424354,2.5438979,2.5643528,2.5994761,nan
3,7904,496647,90,25306,1.7546966,1.1863642,1.1522706,1.1069835,1.0718326,1.0365986,0.9988232,1.0553406,1.0401605,0.9942614,1.0631703,1.0441974,1.0084267,1.0277847,0.9577401,1.0381584,1.0437897,1.0296959,1.0383259,0.9745537,0.9860591,0.990768,0.9835243,0.9557846,0.9823355,1.0219303,0.9660713,0.9974702,0.9689362,0.931693,nan
3,7904,678590,69,44536,4.2737576,2.4849844,2.4866794,2.595206,2.4598208,2.4119855,2.6699691,2.5505977,2.3507027,2.4374537,2.4376902,2.3974461,2.3632915,2.3330527,2.3592434,2.4070795,2.321764,2.3321978,2.364824,2.4179952,2.4401672,2.3245178,2.4957987,2.2550943,2.5241512,2.4988635,2.5063133,2.2438765,2.3246203,2.4702847,nan
3,7905,582966,14,181381,1.2921485,1.0004162,0.9328448,0.9604744,0.9625753,0.9423287,0.9397207,0.9257721,0.9233153,0.8551265,0.9220184,0.9108416,0.9388073,0.9069115,0.9180788,0.9160321,0.8819132,0.917222,0.9191942,0.9105192,0.8481017,0.9179118,0.893559,0.9035225,0.9009014,0.8936128,0.9058988,0.9053205,0.8414248,0.8996464,nan
3,7907,428848,94,20998,3.4301381,1.9733312,1.9816394,1.9535843,1.9212133,1.9579458,1.8050818,1.8920423,1.9333579,1.6685399,1.8609502,1.8238135,1.8201443,1.8130369,1.8260508,1.8575473,1.8990459,1.7314063,1.7206551,1.8031443,1.7117486,1.7738054,1.7515943,1.7568109,1.8009443,1.7658625,1.7827411,1.69762,1.6221865,1.7997123,nan
3,7909,1019087,70,65641,5.9994303,3.6918906,3.9501931,3.568342,3.4998482,3.5451093,3.5534519,3.8851725,3.4765651,3.4741828,3.4176246,3.6804609,3.4619021,3.8911402,3.6608369,3.2656386,3.6313641,3.4984571,3.453218,3.4541524,3.6594676,3.557963,3.4579202,3.5309402,3.3396867,3.5698898,3.5022743,3.4399036,3.1568409,3.6702936,nan
3,7922,1799279,22,352084,3.6012365,2.9235643,2.6551129,2.6787876,2.6325668,2.5599185,2.5568844,2.4375371,2.5571715,2.6091273,2.4714414,2.4647359,2.5581561,2.5215171,2.4570752,2.5338392,2.6020306,2.3962745,2.380095,2.5718976,2.6095711,2.4134315,2.7260118,2.4490507,3.00215,2.5737664,2.5894522,2.6137775,2.5218919,2.4621276,nan
3,7933,1675981,13,535516,6.1536513,5.0370852,4.6840766,4.8883102,4.553529,4.414519,4.6170177,4.6404195,4.5733033,4.7143165,4.8341578,4.4840579,4.5355639,4.4542915,4.4057285,4.3996513,4.3781049,4.3729726,4.5314273,4.7185877,4.3874139,4.6158746,4.3999754,4.4577448,4.8787654,4.2718897,4.430508,4.6822352,4.608899,4.3083775,nan
3,7936,852289,21,178429,3.5741829,2.4596048,2.4332318,2.5511402,2.3343004,2.3323412,2.2930442,2.2991427,2.199054,2.4024943,2.2605176,2.3342483,2.4322604,2.2267042,2.4711982,2.206669,2.454445,2.3929718,2.3544935,2.3080848,2.401253,2.2157104,2.3031143,2.3140693,2.3781508,2.2337906,2.3717593,2.3923988,2.3339397,2.3944278,nan
3,7939,669142,94,32383,4.663658,2.7802357,2.9147972,2.8097978,2.911764,2.763462,2.856752,2.7910694,2.7201995,3.0018613,2.7979611,2.8638709,2.7565884,2.6306219,2.8651855,2.7537075,2.6651924,2.5776864,2.7204818,2.7572938,2.5135352,2.7068969,2.8283488,2.5670395,2.8217203,2.6984281,2.7462037,2.7667941,2.5240024,2.5398508,nan
3,7952,1242871,89,63223,4.2846371,2.9536782,2.7521318,2.5194518,2.6292773,2.5740863,2.4103175,2.417506,2.4176219,2.4031968,2.4214702,2.5347488,2.4879016,2.5257365,2.6132784,2.5421822,2.5168427,2.3859677,2.5758344,2.3214241,2.4331498,2.4231361,2.3703185,2.3248509,2.3918118,2.3395091,2.4248447,2.2789426,2.2719931,2.5556562,nan
3,7960,209341,20,46108,0.9959654,0.6802955,0.6637404,0.6808864,0.6676652,0.6949567,0.6501065,0.6380281,0.7014029,0.5804354,0.6168073,0.623807,0.584431,0.5829624,0.6221489,0.6099997,0.6098831,0.6094421,0.6116286,0.6134434,0.6333304,0.5982248,0.6139463,0.6053323,0.5791144,0.6228334,0.5945786,0.614157,0.6247027,0.601135,nan
3,7986,747584,34,98197,2.1724278,1.5505176,1.5314834,1.3035888,1.2182194,1.1114427,1.1876723,1.1856834,1.1665275,1.1633956,1.152434,1.1304748,1.1536273,1.0918551,1.1633073,1.1178971,1.1606725,1.0303417,1.1720475,1.1086104,1.0727604,1.1168918,1.1295642,1.0688799,1.1074865,1.1052676,1.1278562,1.1626814,1.1059852,1.0893866,nan
3,8006,1853987,11,680839,6.6968614,5.929431,5.4494008,5.3214835,5.0276124,4.7839018,4.9370837,4.6104878,4.6549054,4.7873504,4.8595626,4.9086624,5.0813561,4.8638592,4.7757859,5.1512552,4.8803472,4.8177389,5.1009487,4.7857377,4.733213,5.2489758,4.9574466,4.9370796,4.9391665,4.7042456,5.0015804,5.1430605,4.8577593,4.7052872,nan
3,8008,1159611,13,385825,4.6366097,4.0704651,3.5023393,3.2492146,3.2783947,3.2732222,3.356362,3.3686613,3.3168018,3.3447202,3.3653211,3.114616,3.3160442,3.2955832,3.2484775,3.3340412,3.3410999,3.294152,3.3394734,3.2533074,3.1033498,3.2888797,3.0836167,3.3401217,3.2737758,3.1155166,3.3201947,3.2355938,3.1108248,3.2685721,nan
3,8017,1192573,29,183298,4.8348937,3.554949,3.3124569,3.0514472,3.2651497,3.2574934,3.1099595,3.3516567,3.3534965,3.2477733,3.2572938,3.3487909,3.2511234,3.25368,3.1648087,3.092755,3.2768704,3.2645419,3.1990442,3.1383213,3.3134351,3.3042054,3.1271787,3.2266674,3.3392234,3.320544,3.0624833,3.3301014,3.244657,3.3405196,nan
3,802,614054,16,168409,0.9520671,0.8654425,0.8212409,0.7993263,0.8564212,0.8074544,0.7925492,0.8240342,0.7892448,0.8425775,0.8128233,0.8111233,0.8189744,0.8309561,0.7595023,0.8086581,0.7671104,0.7496349,0.8069204,0.7911936,0.802982,0.7199695,0.8035449,0.7429524,0.8276797,0.7407232,0.7943976,0.7486219,0.8039478,0.7975336,nan
3,8029,1252434,14,381355,4.7287715,4.0023655,3.5423289,3.4528853,3.4405093,3.3405216,3.3826065,3.4147428,3.23458,3.4443666,3.465648,3.460252,3.3587425,3.328229,3.4714977,3.5209568,3.2748475,3.3361127,3.4131686,3.4795404,3.3309069,3.4828821,3.4060473,3.3936225,3.4660113,3.3863853,3.5032579,3.450783,3.5201656,3.2254889,nan
3,8036,368806,47,35452,1.0640201,0.6563412,0.6571504,0.6451289,0.6254297,0.6070841,0.6031345,0.5997376,0.6037507,0.5921567,0.5944986,0.5972257,0.6146265,0.593691,0.6082017,0.5935019,0.5859352,0.5912065,0.5971463,0.5992388,0.5693796,0.5971078,0.6073228,0.6040735,0.5919665,0.6142049,0.5906388,0.5980637,0.5967726,0.6050508,nan
3,8048,1571871,20,342793,6.022171,4.4433131,4.7553025,4.5284803,4.1732664,4.1810987,4.2584379,4.0987546,4.0675861,4.1158978,4.3064796,4.2902465,4.0291602,4.0784575,4.2394581,4.2826877,4.1623013,4.2975412,4.163599,4.0583064,4.3182203,4.0166687,4.3948975,4.0428781,4.0831767,4.1856291,4.1629456,4.033411,4.0472145,4.240376,nan
3,8060,757354,42,81094,3.6508241,2.4834687,2.2785674,2.3795756,2.4100692,2.3255883,2.1872951,2.3424998,2.3302226,2.0364097,2.3033533,2.1058835,2.2656104,2.2924429,2.1481732,2.20895,2.2627964,2.097301,2.1929284,2.1994733,2.0621091,2.2474022,2.1822608,2.2525019,2.0286509,2.1284121,2.1839339,2.1462757,2.0600095,2.0828664,nan
3,8076,385332,75,23404,2.6690032,1.6070962,1.6670199,1.6024131,1.6355127,1.5095642,1.5071557,1.5653607,1.4561429,1.4514384,1.4725086,1.4540155,1.5108647,1.4656655,1.5042805,1.3458026,1.4506707,1.4737541,1.4527688,1.3758862,1.453209,1.381954,1.4138816,1.4588233,1.4270494,1.457532,1.3667715,1.4544935,1.3543343,1.405046,nan
3,8081,292100,65,20620,1.9941217,1.2683321,1.1983882,1.1398872,1.194975,1.1686782,1.0281785,1.0767924,1.1065943,1.1104885,1.1437334,1.1252034,1.031966,1.1099813,0.9799286,1.0140292,0.9625078,1.1402126,1.0879345,1.079221,1.0560887,1.0672414,1.0653887,1.0682439,1.0428243,1.0791014,1.0601057,1.0670946,1.0833339,1.056144,nan
3,8081,877800,26,148780,3.6051513,2.5585802,2.5627283,2.3370609,2.3550969,2.3465693,2.3214923,2.2986688,2.2925031,2.3280767,2.3515254,2.4045985,2.4078006,2.4385548,2.2860392,2.3792693,2.4248268,2.1678275,2.3788096,2.2588342,2.3402306,2.3762219,2.2518021,2.3352608,2.1260454,2.3930416,2.3202832,2.4149729,2.2538826,2.3896751,nan
3,8092,724205,98,33595,3.2479055,1.8280545,1.5997694,1.622005,1.6609169,1.6165614,1.5787622,1.5688122,1.5760891,1.5677908,1.6294194,1.5911727,1.548113,1.538914,1.5269225,1.4570609,1.491831,1.4995628,1.4861157,1.5740089,1.681954,1.4762175,1.4421147,1.414619,1.4784859,1.5801406,1.5340181,1.6011534,1.4663148,1.5312674,nan
3,811,586699,27,97282,0.5064479,0.4570228,0.4426771,0.4507734,0.4432173,0.4721091,0.4315854,0.4299673,0.4731518,0.4893389,0.4542829,0.4589271,0.4386981,0.4408218,0.444481,0.4346003,0.4266584,0.4313721,0.4438518,0.4667637,0.4507067,0.4496426,0.4410701,0.4428777,0.4494224,0.4562603,0.4427942,0.4476138,0.429675,0.4379674,nan
3,8113,1111405,78,64510,6.9160834,4.5366508,4.3501865,4.3519341,4.1197881,4.0463585,4.1814798,4.1003582,4.0567464,4.1305842,3.993571,3.9236041,4.1647132,4.2550167,4.258052,4.1715092,4.2726338,4.0820307,4.0578057,4.1620781,4.0604352,4.4734681,3.9333887,4.0404435,3.955978,4.3366366,3.9018425,4.0450031,4.0773722,3.8198178,nan
3,8116,978825,56,78433,5.3223233,3.5541145,3.5296574,3.280901,3.1497654,3.113297,3.363564,3.1835906,3.2204264,3.1373151,3.1364869,3.0812962,3.158759,3.1856891,3.0408653,2.9757101,3.255726,2.9283462,3.0836745,2.9539882,2.9766604,3.0627506,2.984353,2.9382361,2.9356754,3.0808045,2.8969331,3.1189718,2.9964357,3.0656036,nan
3,8123,647655,96,30853,5.0635185,3.1118464,3.1271989,3.1055444,2.8988279,2.922404,2.9703094,2.6941383,2.7900804,2.6915493,2.8776754,2.8400248,2.8683296,2.7693257,2.5754558,2.7546516,2.774243,2.8206176,2.8025703,2.9313215,2.8452737,2.7681134,2.708819,2.7390461,2.7390829,2.7440313,2.6833743,2.6997359,2.7886321,2.7695793,nan
3,8145,691892,70,44902,4.2875236,2.9761134,2.8128716,2.8144569,2.8092719,2.6340439,2.6491375,2.4435668,2.5710316,2.67248,2.6921192,2.4921387,2.5878296,2.6703958,2.4573936,2.6235447,2.3461744,2.4398716,2.4414043,2.3830643,2.4313212,2.4346177,2.4783146,2.4347631,2.5272634,2.3948192,2.4919886,2.4468038,2.5161872,2.609305,nan
3,8156,924389,14,276424,3.658831,2.9976072,2.8975784,2.6286772,2.6241129,2.564516,2.5477652,2.7259917,2.7644908,2.4814558,2.4795081,2.717518,2.6389076,2.7139284,2.5173576,2.6739378,2.4936161,2.6992742,2.5007646,2.6057427,2.4359048,2.6276612,2.5781773,2.7085525,2.6036356,2.6260478,2.485505,2.6473668,2.5163165,2.6169012,nan
3,8157,983697,18,236596,4.0077702,2.9080512,2.9357506,2.9146889,2.6776374,2.8475757,2.760811,2.8494206,2.8262178,2.8611147,2.8139923,2.6853263,2.8012848,2.7064708,2.8053578,2.761903,2.617447,2.7303813,2.6719485,2.6239523,2.7303251,2.5828508,2.7846349,2.7416134,2.5840586,2.7747407,2.582326,2.8210258,2.7934765,2.6418275,nan
3,8158,925828,72,58360,5.5491168,3.5834723,4.0080114,3.996432,3.5148513,3.6617502,3.3329746,3.6105891,3.5060623,3.3175003,3.4026451,3.1983995,3.470355,3.6120103,3.3620474,3.3791464,3.3795132,3.3055859,3.3588667,3.2649272,3.4421175,3.4554592,3.2815632,3.284694,3.1968405,3.2793558,3.3270528,3.1690451,3.3933376,3.2329722,nan
3,8161,1916750,74,116578,5.8594701,3.9894492,3.7979637,3.5682262,3.7380376,3.4343304,3.6361285,3.5059574,3.4059925,3.4798592,3.3790327,3.5713322,4.02421,3.5561045,3.4814928,3.4781631,3.5188007,3.5376745,3.4098133,4.0443427,3.4186575,3.768687,3.6375355,3.5924519,3.5142334,3.4383982,3.6847383,3.5210917,3.445556,3.4141151,nan
3,8172,1004629,65,69724,5.8937579,3.8239609,3.5965814,3.4212107,3.7162264,3.4358284,3.3377228,3.5153694,3.6998404,3.504031,3.48327,3.3153506,3.2947982,3.6845261,3.5143228,3.478476,3.3648392,3.3366436,3.5865865,3.6213951,3.4158337,3.4401016,3.218117,3.3688934,3.3025459,3.25988,3.4144464,3.420458,3.299569,3.5367633,nan
3,8173,1240446,87,64435,7.8844581,5.3276488,5.2254616,5.3586987,4.6410607,5.0496004,5.0886548,5.2581997,4.7582194,5.0275008,4.8202186,5.0642497,4.9405829,4.8520598,4.660781,4.8669974,4.7423524,4.4252353,4.50266,4.7192368,4.5302905,4.5459749,4.8875399,4.6256998,4.4263134,4.4503201,4.8439885,4.6128613,4.4388576,4.7971051,nan
3,8183,519819,74,32098,3.3437458,2.2381419,2.1992587,2.0788191,1.9456974,2.0750972,2.0653424,2.0371215,1.9825667,1.9330852,2.0924172,2.0109683,1.9593088,1.967102,1.939603,1.7636669,2.0509661,1.9649221,1.9085748,2.0580636,1.9438063,2.0250575,2.0158957,1.9190316,1.7729297,1.9753295,1.9314443,1.927831,1.859034,1.8338442,nan
3,8192,1208720,37,146023,5.6815353,3.6543967,3.6507428,3.5626883,3.5242425,3.551684,3.3778467,3.5077897,3.4990537,3.4278,3.4144334,3.4142648,3.4033906,3.4347886,3.4263338,3.3266718,3.3532997,3.4465212,3.2882056,3.3489681,3.4818274,3.7350714,3.5492908,3.2123133,3.5039943,3.453966,3.4698885,3.3318166,3.5934894,3.4007549,nan
3,820,1692308,94,81592,4.3652609,4.0434252,4.0504644,3.9289991,3.8367321,3.4638124,3.8754263,3.7256313,4.3191446,4.0222584,3.8774179,3.7057218,3.6867717,4.0993435,3.239639,4.0919687,3.9275705,4.1404137,3.7644431,4.0246788,4.2375899,3.8526817,3.9777857,3.7838358,4.3940296,3.6582691,4.1242307,3.7320862,3.7373881,3.6453086,nan
3,8204,1419132,75,85621,8.4587269,5.9092922,5.9242648,5.5958634,5.3902692,5.3089052,5.6319511,5.2768754,5.1282411,5.1886476,5.4787925,5.3062846,5.4244942,5.206152,5.1185712,5.1427144,5.3081102,5.1471764,5.0740568,5.2256603,5.2418168,5.1298384,5.0838024,5.3635725,4.9941694,4.9440505,5.370642,5.2578803,5.1229745,5.2191191,nan
3,8204,709157,40,79501,3.4093127,2.4909488,2.179875,2.256786,2.2696539,2.2377628,2.243242,2.1419643,2.1878234,2.1651052,2.1631286,2.1496257,2.2129872,2.1127908,2.2331021,2.2132178,2.2081906,2.2040702,2.2408008,2.1913088,2.0378581,2.209818,2.1682601,1.9796402,2.1220503,2.14165,2.1965923,2.1573656,2.098975,2.1402197,nan
3,8210,1988019,44,201613,4.5271665,3.6241618,3.3161511,3.2399378,3.4450224,3.1956297,3.3412429,3.0932638,3.6092529,3.0118881,2.9941749,3.1757983,3.0805865,3.1571634,3.0493505,3.5101063,3.6358275,2.8923425,3.1358545,2.9508738,3.1891147,3.0166948,2.9307974,3.1462548,2.9633659,3.103514,2.9358163,3.0186343,3.1425987,2.9460888,nan
3,8211,1772157,29,269641,4.0927792,3.1037573,2.8981478,2.6972297,2.8334291,2.8486505,2.6400483,2.8024236,2.720322,2.5571538,2.6287801,2.7277184,2.7199172,2.5716166,2.728976,2.6411348,2.5870649,2.7525762,2.6645618,2.5445764,2.6786124,2.7056238,2.6234818,2.7082337,2.5497448,2.5799216,2.7333565,2.6684909,2.5411072,2.6356597,nan
3,825,615014,86,32578,1.747386,1.6768359,1.4766776,1.7031319,1.591533,1.5534172,1.444465,1.6103383,1.6228093,1.6962379,1.6514874,1.5865748,1.3774027,1.5300731,1.5938327,1.6731614,1.5481661,1.4872166,1.5679482,1.6461288,1.4941402,1.5085443,1.5533147,1.6660457,1.4836668,1.5409958,1.4928081,1.5352404,1.623918,1.5307998,nan
3,8270,1337908,44,136213,3.3393135,2.4503793,2.177168,2.246354,2.2804704,2.0509813,2.2243299,2.1040964,2.2140147,2.1009294,2.1482104,2.087732,2.0810878,2.0433896,2.0067379,2.1328561,2.0296752,2.1580063,2.0152947,2.1145515,2.1123973,2.1680647,2.0246041,2.1060217,2.048893,2.0659246,1.9603203,2.1389107,2.0243772,2.1389953,nan
3,8293,1019569,36,125914,4.7439432,3.1519789,3.1661233,2.9685173,3.1768493,2.9507497,2.8568618,2.915772,2.9497831,2.8506057,2.8726161,2.947082,2.7963218,2.9478713,3.018455,2.8803681,2.7445288,2.9798881,2.9374986,2.9693874,2.770503,2.833466,2.941797,3.0113839,2.8861592,2.8657922,2.8712482,2.7961704,2.8929677,2.9889716,nan
3,8304,1607206,93,78130,10.7118982,7.1933806,6.9220254,6.7134848,6.9931704,6.3208086,6.4164247,6.5876244,7.1110028,6.1773726,6.7204729,6.5384332,6.486307,6.2440773,6.304621,6.2494735,6.1763448,6.0738247,6.250004,5.9050156,6.2257883,6.1401028,6.3952593,5.8634608,6.4369327,6.0417538,6.792652,6.0643079,6.2249979,6.0368234,nan
3,8327,103433,73,6532,0.9008571,0.5185313,0.4998046,0.514919,0.4878005,0.4823596,0.476769,0.5262081,0.3409852,0.4545431,0.4738392,0.4838067,0.4833987,0.4629738,0.4919755,0.5422052,0.4717323,0.4821002,0.5001444,0.4472146,0.4710375,0.4712623,0.4615752,0.458714,0.4907466,0.4520204,0.4854112,0.4639519,0.4736578,0.4538577,nan
3,833,786907,71,50005,0.8678273,0.8268169,0.902846,0.8538132,0.9232603,1.0148292,0.9440204,0.8497976,0.8859917,0.8598986,0.8655845,0.8768326,0.922492,0.8104248,0.9728338,0.8981632,0.8542507,0.8457958,0.9076081,0.9945883,0.9311038,0.9377026,0.9216954,0.9527845,0.884254,0.8833723,0.8793905,0.9175298,0.9455439,0.9532973,nan
3,8332,282811,75,17383,2.1237219,1.4002864,1.2859568,1.2101098,1.1828571,1.1245983,1.1414456,1.108313,1.0929972,1.156367,1.1195058,1.1133754,1.1047641,1.1176951,1.1257345,1.1208609,1.0917081,1.1664978,1.1131458,1.1168946,1.1656966,1.1272728,1.1636355,1.1391438,1.1345627,1.0302061,1.103959,1.0843274,1.1295009,1.1277661,nan
3,8336,1913547,22,374263,7.5259885,5.8183726,5.7480593,5.0588858,5.2482908,5.1829064,5.034271,5.0787228,5.2458436,5.0838401,4.9725777,5.0154139,5.0636621,5.2247997,5.3781569,5.0437083,4.9897646,5.0707659,4.8442105,4.8508056,4.9659657,5.8201415,5.0765391,4.7557755,4.9063772,5.0082534,4.8391048,4.8404899,5.0181661,4.9477072,nan
3,834,736194,81,41137,1.7700782,1.7085868,1.8238984,1.6571002,1.6140607,1.6696772,1.685462,1.6794952,1.7309985,1.8451287,1.8257036,1.6775944,1.5660003,1.6163757,1.7511869,1.6761502,1.6751748,1.653141,1.6590891,1.6911279,1.6986269,1.7734042,1.6017599,1.6995759,1.7179038,1.7424017,1.8043064,1.6096275,1.8068137,1.7597147,nan
3,8341,1504328,70,96919,8.8327688,6.0271791,6.1561782,5.5834514,5.9446561,5.7320209,5.741801,5.6135513,5.2749448,5.3295197,5.7170232,5.3384572,5.5040772,5.3363398,5.5084258,5.6511193,5.5882584,5.3540747,5.6125061,5.0220548,5.4320686,5.4909251,5.0108039,5.2898396,5.1608571,5.4867842,5.53501,5.422563,5.5537338,5.5073634,nan
3,8343,1805187,58,139312,8.9700776,6.4698777,6.7529783,6.3058014,6.1409754,5.9991261,6.0210894,5.867037,6.0443097,5.9780023,6.3916767,5.7821272,5.6115742,5.790515,5.6200678,5.7485573,5.7317531,5.3991695,5.6051725,6.0532293,6.0929855,5.5506601,5.4655175,5.797557,5.8484302,5.6824437,5.6307401,5.8570014,5.633616,5.6333528,nan
3,8347,90178,95,4444,0.9244502,0.5061952,0.5399149,0.5443903,0.5257033,0.4977268,0.5088328,0.5232035,0.4797024,0.5025693,0.4885614,0.5028643,0.4982218,0.5061397,0.4706902,0.4618696,0.5002851,0.4928204,0.4824566,0.4804902,0.5074794,0.4742002,0.4828555,0.5155673,0.4603619,0.4515677,0.48247,0.4680317,0.4733531,0.4788256,nan
3,8359,1357074,38,159697,3.2830935,2.3417324,2.1612306,2.0687225,2.2600045,2.1233813,2.1063223,2.0578692,2.0979923,2.0900739,2.0880915,1.9898381,2.0920508,2.1623012,2.1330186,2.1476507,2.1400264,2.1980801,2.0148844,2.0789724,2.0329945,2.0517325,1.9783739,2.0770859,2.1015899,1.9444674,2.0991762,2.0517063,2.1032412,1.9970176,nan
3,837,1667477,57,131380,3.3365723,3.2301242,3.0949749,3.0868212,3.1340473,3.1473581,2.9004775,3.1260065,2.9873866,3.1052542,3.5008575,3.4483503,2.8392593,3.1264228,3.3032946,3.1723672,3.0086873,3.2745187,3.15537,3.0310407,3.0730916,2.9115145,2.8302451,3.4296115,3.2518879,2.9842348,3.2013307,3.5037282,3.0995356,2.9665651,nan
3,8372,1810432,12,606025,6.4223316,5.5886182,4.808403,4.8987747,4.9187631,4.9595177,4.8367272,4.9755294,4.9788215,4.7175472,4.9397282,4.7466008,4.7130381,4.6306645,4.8857194,4.8778957,4.7754699,4.7922811,4.6492085,4.9636418,4.8194611,4.7028348,4.6117885,4.9966513,4.6695469,4.7324712,4.6970301,5.0008404,4.6612964,4.6812403,nan
3,8395,1247140,79,71497,3.960671,2.6845633,2.697355,2.5843397,2.707326,2.505648,2.6602625,2.6083789,2.4746779,2.5208738,2.4644587,2.5243768,2.5415154,2.3034245,2.4780793,2.358517,2.4275367,2.5199873,2.4259105,2.3899831,2.3713655,2.3921266,2.2918661,2.4830655,2.2634471,2.4817297,2.3848228,2.3218442,2.3315497,2.455283,nan
3,8418,1248432,35,159661,5.487995,3.7132791,3.6827554,3.7189139,3.7011294,3.4631374,3.6292325,3.4780533,3.7312158,3.4764021,3.6695964,3.6028294,3.456712,3.5752721,3.3331006,3.4547199,3.5627084,3.5901911,3.539439,3.5249262,3.3540081,3.4010072,3.4363379,3.3941613,3.4633869,3.4495072,3.3747511,3.5897358,3.6323562,3.5686371,nan
3,8422,1326093,41,144787,6.1242476,4.4563289,4.1474226,3.866702,4.0760967,3.8551175,3.8476961,3.7085708,3.7403641,3.8525181,3.8231208,3.6847608,3.7973423,3.9429342,3.910321,3.8697197,3.8620349,3.9248598,3.8823084,3.7012797,3.7419185,3.8449378,3.9820835,3.7084833,3.9394022,3.7100633,3.9590045,3.8006896,3.8403677,4.0313012,nan
3,8438,1165859,65,80923,3.5597517,2.2280854,2.3185347,2.2513939,2.1453938,2.1472341,2.1063135,2.0330273,2.1274963,2.2144931,2.6377087,2.0577784,2.1165482,2.0179963,2.1015739,1.9929299,2.165513,2.1386723,2.0823861,1.9956135,2.0776657,2.045236,2.0949728,1.8953572,2.0948718,1.942349,2.0641498,1.9831463,2.0605852,2.0217657,nan
3,8449,1475947,54,123079,7.1558598,5.3844982,4.9207702,5.0014756,4.7476651,4.9931351,5.0425528,4.822941,4.6916885,4.6716268,4.6962119,4.6981861,4.7170344,4.6253993,4.748417,4.8557228,4.6624381,4.5039351,4.5594746,4.6067625,4.8333621,4.4772591,4.8702881,4.6398721,4.7931819,4.7092003,4.6237066,4.4371373,4.4812398,4.8314542,nan
3,8471,1179082,51,104092,6.163856,4.0353746,4.0124809,3.9591102,4.0813713,3.6625239,3.8439368,3.7686064,3.7346675,3.7550533,3.6245129,3.8570386,3.8163086,3.8170485,3.7303733,3.4940111,3.6524759,3.4765661,3.6342308,3.5996191,3.6838426,3.538592,3.5979077,3.8466614,3.7317942,3.4697756,3.6855793,3.7037806,3.7376724,3.6236258,nan
3,8472,324346,38,38731,1.7917631,1.1578186,1.105811,1.1020366,1.0699792,0.935747,1.0906149,1.0384213,1.0395206,1.0671659,0.9896384,1.0397193,1.0042526,1.0389138,0.9807816,0.9686815,1.0813748,0.9704765,1.0715424,1.022874,1.0667042,1.0178553,1.0018859,1.0252286,1.0203563,0.9752839,1.0516134,0.9404577,1.0117201,0.9324914,nan
3,8514,1036046,58,80200,5.6930876,3.7914885,3.7358491,3.7067414,3.6261023,3.5877883,3.4993676,3.5596954,3.0207938,3.2991131,3.4927063,3.3208988,3.5808523,3.4999612,3.4584477,3.5872008,3.4042473,3.2481754,3.5398863,3.3748507,3.4353756,3.4158476,3.429202,3.5589184,3.3516071,3.4606602,3.0591163,3.3471331,3.1490872,3.4515356,nan
3,8522,1849431,43,191680,8.4252523,6.6392246,6.1582647,6.1233529,6.0200561,5.6407568,5.6464643,5.3964571,5.2407954,5.5352687,5.6466877,5.850973,5.5267197,5.3994347,5.7081353,5.4540245,5.3192304,5.3971833,5.6785771,5.374094,5.2744924,5.385808,5.3757002,5.3672611,5.3139813,5.4633017,5.2223841,5.2543853,5.2945235,5.4256216,nan
3,8529,803636,42,85795,1.9696316,1.385235,1.4122828,1.2928286,1.2543542,1.3510586,1.4200539,1.2530652,1.3047645,1.2571966,1.3113021,1.2823367,1.2393715,1.2712021,1.2620734,1.3470221,1.2236303,1.2968217,1.2298103,1.2846967,1.2147912,1.2034892,1.2909856,1.2414075,1.2914984,1.2850824,1.2195929,1.2968869,1.2353793,1.2657836,nan
3,8533,439983,64,31333,2.91147,1.81259,1.6712878,1.6596775,1.6779317,1.62215,1.4926842,1.6373454,1.6289132,1.4688219,1.5108065,1.5998221,1.551899,1.5775343,1.5743846,1.6312886,1.5367184,1.526216,1.5469585,1.5566815,1.5840693,1.5836859,1.5618851,1.5679645,1.6134476,1.5770818,1.5609574,1.4339996,1.5873358,1.5235564,nan
3,8543,1434690,47,136918,6.9378922,4.8067648,4.6138731,4.5045114,4.5654698,4.3618947,4.2347126,4.346241,4.5586511,4.2204669,4.3660969,4.2169477,4.375267,4.2181766,4.2193383,4.3711113,4.3109818,4.2813722,4.4368441,4.4560074,4.1844931,4.3822184,4.1989646,4.0849801,4.3319218,4.3921047,4.1260763,4.3180624,4.4314933,4.1834905,nan
3,8545,267893,18,66322,1.2525888,0.8548076,0.7924355,0.8533147,0.7285911,0.8045203,0.8384994,0.8059531,0.8043963,0.8228664,0.8089979,0.8113175,0.8231114,0.8052743,0.8369038,0.8081204,0.7598058,0.8082363,0.671769,0.8191679,0.8003742,0.7899629,0.8170515,0.8131464,0.8459828,0.8175441,0.8051816,0.8242253,0.8005105,0.7923333,nan
3,8553,911315,53,77497,4.8555383,3.356255,3.2174608,3.2933868,3.1001167,2.9705159,3.0331872,3.0992422,2.9490171,3.0200165,2.8939163,2.868758,2.8801301,2.9335993,2.9798881,2.7645272,2.9441453,2.7964315,2.855014,2.8330321,2.9592278,2.8382131,2.9104692,3.0691309,2.9284662,2.9123838,2.8667081,2.7462675,2.8730396,2.7903478,nan
3,8559,1073675,70,69304,6.1540904,4.1007549,3.9224914,4.0076134,4.0154237,3.8126467,3.8117017,3.8397908,3.7996064,4.0999177,4.0856052,4.0890507,3.9514468,3.7089839,3.932459,3.991671,3.7478822,3.8534634,3.6002834,3.9088193,3.8632367,3.9983423,3.7354653,3.64623,3.863662,3.9691087,4.0103353,3.7026936,3.8074882,3.663735,nan
3,8561,621248,26,106588,2.7268772,1.9490094,1.7525834,1.8536213,1.707816,1.6750723,1.7984051,1.680478,1.5975169,1.8108644,1.6672116,1.6683672,1.5291194,1.7577936,1.7807879,1.6494534,1.7511668,1.6202075,1.7540202,1.6724483,1.7371088,1.5920134,1.7324224,1.6669292,1.6135685,1.7789012,1.6409834,1.8215956,1.6646937,1.6410622,nan
3,8578,808352,98,37651,6.6094229,3.9842739,3.8899255,3.6500256,3.8091055,3.7895537,3.6913976,3.5705398,3.3112572,3.3698342,3.418083,3.4275198,3.4518496,3.7679942,3.602843,3.1709521,3.4775356,3.5086303,3.407687,3.3455556,3.4765785,3.3422319,3.2669554,3.5751988,3.3767076,3.4550176,3.4241221,3.3150169,3.4474693,3.5242409,nan
3,8581,135821,67,9328,1.0957427,0.6569659,0.617994,0.5995268,0.6197161,0.5829088,0.5362556,0.62195,0.5755364,0.5633325,0.5778632,0.5586196,0.5781649,0.4934834,0.556492,0.5717683,0.5697322,0.5786934,0.5620428,0.5664644,0.5746757,0.5775959,0.5481933,0.5674388,0.5785712,0.5446636,0.5568892,0.5182292,0.5508756,0.5964179,nan
3,8582,1518884,38,178408,6.9107775,4.7811531,4.2564181,4.634819,4.6350435,4.3800796,4.4806302,4.3014819,4.0817179,4.2248737,4.5998849,4.5624854,4.6207591,4.4586855,4.5361231,4.4748112,4.4555007,4.2029856,4.2302222,4.3745345,4.3502123,3.9429079,4.4143932,4.1300373,4.2661687,4.3084089,4.1717714,4.5708709,4.4818894,4.381847,nan
3,8582,1522562,35,193576,6.8479625,4.7003155,4.6618695,4.6673429,4.3012454,4.4160538,4.2232473,4.5774695,4.2824202,4.1600841,4.270655,4.1232558,4.0612441,4.2171946,4.1899208,4.063716,4.0871488,4.2039699,4.3776138,4.1879338,4.2410553,4.3786727,4.2477101,4.29958,4.0517475,4.1421551,4.3133682,4.1830316,4.0761972,3.9874883,nan
3,8588,1048941,36,130861,4.848679,3.4929727,3.2437221,3.3920851,3.2706466,3.1321956,3.1335372,3.0028627,3.1319313,3.1291551,2.9217888,3.1228336,2.9108105,3.0594909,3.0120098,2.925438,3.1167649,2.9993596,3.1590052,3.1201637,3.0230941,3.0556785,2.8026919,3.0148754,3.1105796,2.9048294,3.123997,2.9584998,3.0565561,2.8412134,nan
3,8588,1349615,65,93529,8.3025595,5.0985578,4.9056172,4.7575391,5.1151188,4.7222594,4.8031031,4.9675502,4.5366658,4.6695323,4.754409,4.6131736,4.7459741,4.8578359,4.9510583,4.6681709,4.3489003,4.680881,4.8673972,4.6503155,4.6410894,4.5228564,4.5303205,4.4798807,4.7769586,4.6717453,4.4583166,4.4860622,4.665307,4.4450483,nan
3,8589,1869145,16,479896,3.8631163,2.8650148,2.6680497,2.6925625,2.7053531,2.7480579,2.6562958,3.3010418,2.6494127,2.8631261,2.5937754,3.1826964,3.2348975,2.5663367,2.8038962,2.5844046,2.707753,2.6040678,2.5023624,2.8173599,2.7342105,2.5354892,2.5319188,2.6968767,2.5618456,2.6709159,2.6184959,2.472442,2.7320025,2.6202264,nan
3,8590,1487390,20,326341,6.7118405,4.7801811,4.0267054,4.3093982,4.3168102,4.1971805,4.3383379,3.9856123,4.2473209,4.2040277,4.0335009,4.242319,3.9818486,4.1420364,3.8912485,4.2586694,3.9621144,4.1017937,4.2314416,4.1719568,4.2733569,3.9830993,4.2317699,3.9661819,4.1664645,3.9180696,3.8993227,3.9191772,4.0787888,4.1296668,nan
3,8591,125258,13,41677,0.3856839,0.2578371,0.2607949,0.2669708,0.2725014,0.263333,0.2654381,0.2604974,0.2635726,0.262151,0.2627642,0.2569717,0.2584232,0.2695372,0.235295,0.2483719,0.2601666,0.2508829,0.2498654,0.2550277,0.250678,0.2532971,0.2486316,0.2513324,0.2529723,0.2471422,0.2536222,0.2458036,0.2516687,0.2541154,nan
3,8594,132836,97,6448,0.6257787,0.3634322,0.3881769,0.3492051,0.3430264,0.3385372,0.344872,0.330103,0.3530181,0.3528112,0.3427034,0.3401139,0.3292416,0.3351605,0.3286736,0.3351156,0.3195243,0.3375337,0.3477343,0.3363494,0.3413578,0.3356534,0.3342439,0.3198181,0.3314793,0.3401746,0.3212775,0.3381732,0.3474527,0.3430145,nan
3,8597,961217,77,56392,6.3024624,4.2595795,4.136998,3.8344249,3.9618398,3.770795,3.8030497,3.579938,3.8648133,3.5964971,3.7395968,3.7136253,3.725818,3.6024767,3.6153156,3.701793,3.7038965,3.6243846,3.6204663,3.4948759,3.5047007,3.5020318,3.6442532,3.6041469,3.8705287,3.5788547,3.4125355,3.5773098,3.6195433,3.6324675,nan
3,8606,136766,100,6343,1.4356588,0.7091071,0.7168204,0.7333014,0.7013399,0.7045507,0.6190237,0.6923632,0.6961305,0.7073053,0.6931766,0.6675963,0.6980164,0.6825141,0.6589421,0.7281987,0.6595782,0.6217583,0.6097319,0.647509,0.6562771,0.6048269,0.6805059,0.6343381,0.6410734,0.6359439,0.6441907,0.659094,0.6339917,0.6619988,nan
3,8607,425922,35,54700,2.1640105,1.4805968,1.333568,1.4012804,1.2820288,1.4101632,1.3041137,1.3643862,1.3209616,1.1650556,1.3498653,1.3306736,1.3595214,1.3959114,1.2365517,1.3148044,1.2838787,1.2318088,1.3052568,1.27807,1.2489218,1.3227878,1.3229531,1.286743,1.3533194,1.2158778,1.3517471,1.2500141,1.2901554,1.2664533,nan
3,8608,1864861,48,173902,4.8244313,3.4034486,3.35333,3.4382461,3.2297423,3.2582259,2.9752729,3.0298776,3.0538968,2.9649529,3.0589235,3.1235095,2.9194686,3.13869,2.969292,3.1291036,3.1507867,2.9374381,2.9067898,3.1955698,2.9842618,3.1115734,2.8986509,2.7853671,3.1915927,3.0215274,2.958522,2.918647,3.1873003,2.9136546,nan
3,8610,582090,75,35386,3.9220364,2.5855454,2.4372683,2.3863472,2.3510332,2.4239287,2.2525023,2.2051468,2.1878677,2.2364257,2.3645972,2.2037334,2.0825864,2.4352407,2.1522463,2.2440498,2.3348727,2.118821,2.3231141,2.1202248,2.1657886,2.2433499,2.2194264,2.071882,2.2116373,2.1636705,2.2076041,2.1548294,2.0736671,2.2163872,nan
3,8625,203065,22,41296,1.0231376,0.6516269,0.6636582,0.6450235,0.5593599,0.6389926,0.6321855,0.625111,0.6141947,0.5908896,0.6566681,0.6132002,0.6008464,0.6026683,0.6199739,0.4919352,0.6470689,0.6142799,0.5974121,0.6096928,0.5808903,0.624707,0.6611516,0.6133805,0.6227903,0.6080317,0.6169564,0.6294227,0.6254573,0.6212782,nan
3,8647,334673,55,27601,2.0725473,1.2548926,1.2826234,1.1311206,1.197889,1.2521287,1.1856481,1.0938853,1.2206258,1.1486196,1.1958897,1.1705919,1.1300938,1.169254,1.1121836,1.1702263,1.0877137,1.1677468,1.1321258,1.0712014,1.1889803,1.2042882,1.1226588,0.9959893,1.1707752,1.148659,1.1174929,1.1612385,1.1468082,1.0943578,nan
3,8657,1234376,40,138160,5.9183337,4.3314574,3.7986903,3.7203398,3.7663498,3.8093698,3.6282636,3.7654804,3.5617484,3.7685089,3.7952881,3.6625916,3.5673613,3.6936635,3.5983397,3.6793046,3.7608508,3.5992134,3.6579405,3.7692593,3.7520495,3.6735604,3.8147073,3.6709161,3.7058388,3.5610789,3.7580436,3.5407958,3.5882386,3.6830051,nan
3,8677,510575,22,101554,2.2678145,1.5572789,1.3809434,1.4697733,1.4261323,1.4745904,1.4395191,1.4649456,1.3831662,1.4394803,1.4231884,1.4633495,1.3211814,1.4526231,1.3436112,1.4606214,1.4307058,1.4566643,1.3997792,1.4371672,1.4287448,1.4649449,1.4700954,1.2908688,1.4201304,1.4543188,1.367122,1.4566235,1.2900292,1.3985963,nan
3,8685,995603,37,119995,4.7958269,3.1416172,3.1516499,3.0442605,2.8337406,2.9134727,2.7363081,2.6411589,2.8880901,2.8618389,2.8813351,2.8729064,2.9417794,2.8747909,2.8105961,2.8280435,3.028749,2.7796713,2.863744,3.0194325,2.9109484,2.9687382,2.8735302,2.8713887,2.7332128,3.0093117,2.7262926,2.9914879,2.7531279,2.989069,nan
3,8686,126332,71,8197,1.0480895,0.6438769,0.6136515,0.5803128,0.5602979,0.5430147,0.5718475,0.6032948,0.5863433,0.577499,0.6391751,0.5419568,0.5906671,0.614085,0.575122,0.5781039,0.5679682,0.560572,0.5770009,0.5886605,0.575848,0.6046029,0.5736716,0.5405717,0.5728636,0.5688333,0.5628539,0.579586,0.5424453,0.5546857,nan
3,8694,1486636,13,487210,5.6739073,4.8629031,4.3426101,4.2224774,4.0468913,4.1609831,4.2781114,4.1156089,3.951513,4.0393797,4.0205701,3.9973477,4.0892254,4.0736206,4.0729518,4.323583,3.9872671,4.0682546,4.2347083,4.2852273,4.0092173,4.0854136,4.0265007,4.1795973,4.1501269,4.1227151,4.1472883,3.9919791,3.964965,4.1895917,nan
3,8705,893230,63,64159,5.1135429,3.4641844,3.0726732,2.9583995,2.9606325,3.1597146,2.9608817,2.9774811,2.9981729,3.0062821,2.8646123,2.9249928,2.8729291,3.0378714,2.9770365,3.1254576,2.9166131,2.9584763,3.0071638,3.0956259,2.9316002,3.0448117,3.0822448,3.2229678,3.0132252,2.9431565,3.1849541,2.9838216,2.8843254,2.6460407,nan
3,8710,585636,58,45622,3.5206834,2.361685,2.1361064,2.077159,2.1296533,2.0921182,2.1215112,2.0251238,2.0741234,2.0795904,2.0253928,2.020747,1.9110364,2.0327885,2.0432406,2.0130849,2.1119184,2.07881,2.0001164,1.977945,2.0324204,2.1283316,2.1127456,2.2401713,2.0500457,1.9595688,2.0487655,1.9355042,1.9750929,2.0750037,nan
3,8716,230581,62,17047,1.6626712,0.9080425,0.9260917,0.9538186,0.9064467,0.9144434,0.9154102,0.9042579,0.8613489,0.8693097,0.8505816,0.9244713,0.8784702,0.8621486,0.8320282,0.9041298,0.8938314,0.8655383,0.8426755,0.9162529,0.8692426,0.8676563,0.8698229,0.8863278,0.8384121,0.8424491,0.8429302,0.832202,0.8905604,0.8339965,nan
3,8718,895083,53,76192,4.7978371,2.9592461,3.0869066,3.2139939,3.0958495,2.9429229,2.8267211,2.9872337,3.0295038,2.9801434,2.8702479,2.8112426,2.9677447,2.7612863,2.917145,2.972079,2.8050676,2.8500705,2.9269199,2.7226112,2.7564828,2.8597128,2.9386194,2.7433336,2.8978896,2.7528174,2.7850733,2.932058,2.8544224,2.814677,nan
3,8719,1695258,34,220321,3.8870636,2.9143812,2.9048935,2.6914083,2.6753968,2.7868071,2.9969319,2.7184837,2.5407518,2.4891151,2.5054901,2.597087,2.4707022,2.5202134,2.7647284,2.4412678,2.9903373,2.5354485,2.7078934,2.6057523,2.6974876,2.5432686,2.4772235,2.6216306,2.6018354,2.4459069,2.5660068,2.5006855,2.5285031,2.5524347,nan
3,8731,1715386,95,81580,12.6094178,7.723409,7.5601611,7.4785544,7.1239609,7.2297941,7.3872445,7.1192777,6.9997803,7.2188223,6.7900334,6.7989371,7.2845143,6.9708583,6.7923288,6.9340299,6.726831,6.9227671,7.0127185,7.1032216,7.1208238,7.1301156,6.5885012,7.4453345,6.6212378,6.6365665,7.0077574,6.9373199,6.904225,7.0710575,nan
3,8741,674899,40,75841,3.1310533,2.5305114,2.3499666,2.4225314,2.3570989,2.1169961,2.0390618,2.0773075,2.080381,2.0646661,2.0586841,2.0838585,2.077873,1.9534148,2.0382424,1.9688716,2.111291,1.9129796,2.0467578,1.9465901,2.0398607,2.0393135,2.0175877,2.0604362,1.9240476,1.8672628,2.0446428,1.9564249,2.0688348,1.9663344,nan
3,8749,450318,64,31969,2.9977895,1.7297024,1.7387263,1.7023174,1.709874,1.7094481,1.7495602,1.7216147,1.675662,1.5472248,1.6139136,1.6542774,1.5938188,1.6446969,1.6246398,1.6550316,1.6433738,1.6061948,1.4560462,1.6536163,1.6648816,1.6524752,1.6654562,1.5464292,1.667392,1.6089001,1.5539381,1.5604883,1.5822888,1.6077251,nan
3,8785,343296,89,17608,2.9227008,1.5818039,1.6590667,1.4973751,1.5369665,1.5170545,1.5512793,1.4207655,1.3781026,1.4976629,1.4197369,1.3962869,1.5242902,1.4368029,1.4124318,1.559983,1.341754,1.319224,1.4428257,1.4490205,1.5060958,1.5162105,1.4643697,1.3595385,1.5063688,1.3714441,1.4064773,1.4837551,1.4874618,1.4371205,nan
3,8796,1238979,97,58051,8.8799593,5.8386875,5.5569162,5.4877062,5.7551927,4.95842,5.1636589,5.2127242,5.2970477,5.4737512,5.0140195,4.9005583,5.22851,5.0405484,5.5439202,4.9702576,4.999591,5.133704,5.1454576,4.799672,4.9828566,5.4946105,5.2061136,5.2252503,4.8937894,4.9998386,5.0102562,5.2404096,4.9929283,5.1162171,nan
3,8796,1668353,45,165901,4.2603926,2.8291676,2.8646366,2.8206182,2.8039666,2.5993674,2.6751087,2.8416647,2.5931139,2.7005653,2.8069296,2.5779113,2.7267665,2.5708086,2.4954852,2.6328225,2.6022979,2.5414509,2.6291335,2.6571082,2.7502717,2.6193294,2.6806013,2.7984578,2.827635,2.6181513,2.6674825,2.7214352,2.6997229,2.45958,nan
3,8797,57336,26,10054,0.4779429,0.2534936,0.2664774,0.257826,0.2627919,0.3071811,0.2495557,0.2613972,0.2480677,0.2518111,0.253338,0.247424,0.2524103,0.2444131,0.2724911,0.238058,0.2493389,0.2506384,0.2472931,0.2471417,0.252124,0.2490552,0.2680917,0.2519994,0.2480367,0.2484735,0.2504731,0.2416555,0.2480409,0.267887,nan
3,8799,145232,77,8815,1.3172753,0.7559772,0.6880246,0.6814042,0.682246,0.6977886,0.6797255,0.7100353,0.6071586,0.662003,0.6630199,0.6462156,0.6106153,0.62922,0.6690443,0.6604547,0.6821117,0.6741326,0.6477749,0.6784836,0.6691672,0.6950347,0.6864975,0.6512121,0.6401913,0.6306784,0.647411,0.6730974,0.6174501,0.6546421,nan
3,8804,378391,96,18100,3.0197759,1.7606688,1.8374088,1.7281515,1.7345565,1.8309811,1.4431352,1.5780097,1.6683716,1.5855627,1.7283264,1.2150303,1.6908447,1.5927614,1.7520694,1.6254477,1.678913,1.5746324,1.6315979,1.5664078,1.6043442,1.5941726,1.6989999,1.6941419,1.447043,1.6489065,1.5651507,1.5950804,1.712239,1.608569,nan
3,8806,1453671,84,78037,4.976469,3.4342844,3.1749068,3.1353731,2.9310778,2.9738801,3.0378982,3.0421706,3.1691096,2.9234881,2.8822754,2.9679276,2.8969968,3.0320286,2.8098357,2.9655223,2.9332777,2.8505601,2.90389,2.8295493,2.8367857,2.8969535,2.7616068,2.9102677,2.8483796,2.753087,2.8841573,2.8479061,3.3561976,3.1200918,nan
3,8818,1683710,76,99928,5.178725,3.6259418,3.6951701,3.3239381,3.2719892,3.3686301,3.4690628,3.2449115,3.3820331,3.3458086,3.2593612,3.1448046,3.3938018,3.3178549,3.0223477,3.1121037,3.1905642,3.2257049,3.1147681,3.2301819,3.0724031,3.4862989,3.6517918,3.4002573,3.3127007,3.3250888,3.0981339,3.2026292,3.1766056,3.2556536,nan
3,882,1878150,69,122776,2.400286,2.1300454,2.0693854,2.1168712,2.1895411,2.1047667,2.0056065,2.1258112,2.1556361,2.1875522,2.0742513,2.0255218,2.1088935,2.038271,2.2793804,2.0747449,4.1494998,4.5879316,4.1592124,4.5644861,3.6406744,3.9344595,4.0988663,4.1948159,4.1007331,4.2626028,3.8067586,3.7808127,3.9980605,4.2327083,nan
3,8822,693340,91,34783,5.2656516,3.3057312,3.234656,3.2248289,3.0361661,3.1548944,2.9600495,2.8546101,2.8058718,2.9909964,2.7993799,3.0002747,2.9118886,2.7802477,2.9404054,2.8776982,2.8359901,2.9369984,2.9933432,2.8534984,2.8320352,2.9266689,2.7642019,2.8895608,2.778465,2.8033043,2.8057004,3.0173529,3.0481292,2.8187511,nan
3,8824,1485692,52,128413,7.2108497,5.0768537,4.9552635,4.7936641,4.8936403,4.6408188,4.7334185,4.5789092,4.6024368,4.8049615,4.7804574,4.7224642,4.5471854,4.7142388,4.6501292,4.5883799,4.5716589,4.7172453,4.5411432,4.3160384,4.5474399,4.4635258,4.4132438,4.5525574,4.5075585,4.8708128,4.3707959,4.844977,4.6226712,4.6111814,nan
3,8830,1466893,67,98782,8.7111009,5.6419997,5.5193688,5.4333122,5.5147525,5.2724279,5.4099372,5.3751292,5.3438629,5.4462037,5.2196543,5.1881447,5.3170191,5.1812883,5.3748765,5.0640458,5.1348297,5.1131438,5.3093334,5.4409948,5.0962193,4.8942547,4.8935447,5.0810503,5.0000432,5.1269286,4.886093,4.9761516,4.8284922,4.8329995,nan
3,8834,1810181,41,196843,8.7251498,5.8977016,5.8091842,5.391808,5.4599016,5.4030471,5.3772755,5.2474073,5.3212174,5.3353293,5.4642439,5.549031,5.0922254,5.4443178,5.2296382,5.1437682,5.2472102,5.1734341,5.1808588,5.24235,5.1711377,5.2899251,5.3974348,5.0673899,5.3786603,5.1920719,5.5750821,5.1207074,5.1324566,5.1334337,nan
3,8839,956527,14,288919,4.2478908,3.5048226,2.9428285,2.8615854,2.8464937,2.8075441,2.7815009,2.8169836,2.791678,2.6600741,2.7528535,2.8825056,2.6074199,2.55283,2.7223064,2.7670396,2.7433757,2.5633467,2.8261044,2.640612,2.6322385,2.8070393,2.6717716,2.7191673,2.63309,2.7232066,2.6999569,2.632362,2.5397574,2.6958644,nan
3,8860,1057438,54,88033,3.1254614,1.9265967,1.9566929,1.9147716,1.8472557,1.9043475,1.8031891,1.7420333,1.8492698,1.845995,1.7810663,1.7685662,1.7976205,1.806086,1.831771,1.8360709,1.7168548,1.8507725,1.8308024,1.8313878,1.8200793,1.6675813,1.7017558,1.8667718,1.8445537,1.826292,1.7455525,1.7810994,1.7324558,1.6971351,nan
3,8875,914338,25,161386,2.049553,1.5790648,1.42687,1.4529243,1.4558258,1.3138829,1.3544478,1.3875345,1.4235216,1.2718253,1.3918335,1.3916409,1.337263,1.3685004,1.4163518,1.3505386,1.3675709,1.3924988,1.2816773,1.4237936,1.4246115,1.3053692,1.3549055,1.3684249,1.3482259,1.3995356,1.4476506,1.3478655,1.3621011,1.2866072,nan
3,888,555955,75,33733,1.4552834,1.3647788,1.2575759,1.3767727,1.3674421,1.332302,1.3438289,1.343165,1.4093416,1.3447026,1.3944625,1.4331885,1.3300578,1.243084,1.3996535,1.4507092,1.3943902,1.2936234,1.4678605,1.3858374,1.2839001,1.4851577,1.4470806,1.3728371,1.4189696,1.2927014,1.4721373,1.3096324,1.3045465,1.4308307,nan
3,8926,1721270,14,515677,7.0022186,5.6660422,5.0584546,4.9158336,4.859908,4.7634247,4.9251451,4.6970457,4.8356869,4.8817598,4.7529898,4.7094999,4.9588996,4.6119607,4.6452494,4.8020958,4.8520069,4.61624,4.9649958,4.5721633,4.613401,4.5652233,4.7197436,4.8797703,4.6868158,4.6026566,4.6552451,4.9809329,4.5589395,4.5387384,nan
3,8934,383702,40,43360,2.1090128,1.2091896,1.2878901,1.3205244,1.2964985,1.2089524,1.2394263,1.2214606,1.1885627,1.1583226,1.1902078,1.1079904,1.2960259,1.2428677,1.1605493,1.2487313,1.1784908,1.2082606,1.2081866,1.1819797,0.9544333,1.118088,1.2228586,1.2289698,1.1763542,1.163723,1.1846009,1.2093674,1.211888,1.2313907,nan
3,8938,1601565,63,114382,9.0485729,6.0419643,5.7842008,5.877354,5.7228195,5.6101322,5.46248,5.4078941,5.6029888,5.5762015,5.3883924,5.2345086,5.4294869,5.355046,5.4150384,5.4752435,5.3412444,5.5894836,5.6026223,5.490777,5.7728668,5.4290864,5.5949464,5.421341,5.5527021,5.29285,5.4572658,5.3973383,5.0939584,5.4241871,nan
3,8943,225644,75,13792,1.9403937,1.1384991,1.2221575,1.1013209,1.0899364,1.084966,1.0802927,0.8574363,0.9579382,0.9602736,0.9804316,0.8657892,0.9227476,0.8988077,0.8931225,0.8943745,0.9284173,0.9045588,0.8588227,1.0110245,0.8024585,0.8433994,0.8684147,0.9059377,0.9063092,0.9076627,0.9480238,0.9099122,0.9491024,0.9125285,nan
3,8949,1663746,28,262456,3.8043321,2.8555923,2.7017953,2.6329907,2.599696,2.5162197,2.4915599,2.3900397,2.5155051,2.3898125,2.6477732,2.3868715,2.3150432,2.4158426,2.4100695,2.5317017,2.5067177,2.3804162,2.5555676,2.4118489,2.332212,2.479959,2.4707434,2.3170216,2.4398511,2.4138619,2.4387212,2.5020527,2.3035735,2.5003848,nan
3,8961,1144361,20,252646,4.6213024,3.4096085,3.2813805,3.223688,3.2148124,3.1184749,3.1798935,3.3177086,3.1800376,3.1186911,3.1296418,3.1879977,3.1646176,3.2061213,3.0757374,3.1019584,3.0106587,3.128523,3.1083445,3.2217083,3.1349559,3.3255832,3.08591,3.2632091,3.0518119,3.1552942,3.2087203,3.0324904,3.2110947,3.0707393,nan
3,8964,1845042,80,104158,11.7584895,8.5163212,7.5147134,7.5304439,7.2535096,7.4749154,7.2836293,7.6450257,7.7235665,7.3232264,6.8895855,7.2078927,6.7524595,7.0271194,6.8584423,7.173895,6.9948291,6.8284746,6.8832117,7.1058704,7.0752989,7.0684063,6.7949126,6.9941014,6.9152496,6.7949531,6.9038458,6.7462257,6.6000524,7.0197158,nan
3,8980,802765,41,87706,3.8379143,2.4073242,2.5414755,2.4616152,2.2928763,2.5188232,2.4514255,2.8182456,2.3343081,2.3952162,2.4088215,2.5788767,2.282905,2.4385961,2.2302352,2.3541806,2.374871,2.4095644,2.4282743,2.2589942,2.4013483,2.3054511,2.5020685,2.4455159,2.2857091,2.1622801,2.3567699,2.5012728,2.323671,2.404644,nan
3,8998,1629745,48,152362,8.2083083,5.5070632,5.2873368,5.3951273,5.3336862,5.007433,5.0089795,5.1318846,5.1439441,5.0456975,4.8329459,4.9240673,4.9655569,4.9099544,4.9629174,4.9748983,4.7988886,4.7171367,4.8930612,4.9582563,5.0367683,4.8872385,4.9782169,5.0032426,4.7690152,4.9742799,5.0453538,4.8336584,4.8985854,4.6268327,nan
3,901,1762356,15,498946,2.4838,2.248866,2.1961508,2.2492015,2.0702768,2.0344926,1.9668035,2.0491676,2.0531842,2.0518429,2.2163714,2.0327639,1.9949978,2.1169337,2.1023393,2.1355828,2.0611744,2.0881009,2.048826,1.9822598,2.0223198,2.2451752,1.9436008,2.0756489,1.8925481,2.0083021,1.9398032,2.0679731,1.9864803,2.0363954,nan
3,9012,1601790,98,73948,11.4593056,7.755403,7.0584647,7.2493634,6.9168696,7.2367268,6.7475917,6.6264317,6.6273815,6.318216,6.2469767,6.1868753,6.3855582,6.6739317,6.5815107,6.2313635,6.4796981,6.6621179,6.6970442,6.5785213,6.4739086,6.6030841,6.9132143,6.6524269,6.6488717,6.3342319,6.0090371,6.8777655,6.2628395,6.6842794,nan
3,903,1947915,92,95677,5.1580563,4.649656,4.3406483,4.98326,4.6969492,4.5885349,5.1361851,4.5503938,5.1097334,5.0489107,4.852475,5.0506192,4.6234475,4.8919989,4.3058049,4.5746348,4.5832334,4.7554465,4.782107,4.5740153,4.9169046,4.9104402,5.0782618,4.8614659,4.4983958,4.8381674,4.8877409,4.281097,4.9211666,4.2977443,nan
3,9031,604269,37,73666,3.0364292,2.0665921,1.9342888,1.9550385,2.0039947,1.9307387,1.8569114,1.8568927,1.8654309,1.9245007,1.8222421,1.864487,1.7922524,1.8610808,1.9153182,1.8078258,1.8339255,1.8747556,1.8268851,1.7873066,1.7855525,1.7768424,1.8367982,1.8155381,1.8395353,1.875233,1.8732263,1.8078277,1.8170065,1.8231801,nan
3,9043,463698,51,41128,2.7142665,1.6651633,1.7359926,1.9490767,1.7968583,1.8146006,1.6381924,1.6903367,1.5775098,1.498334,1.5882382,1.5786378,1.5432614,1.5894266,1.5565654,1.6061279,1.5815333,1.548192,1.5084852,1.6130683,1.602694,1.5742374,1.5918548,1.5399781,1.6163018,1.6142906,1.4960801,1.571242,1.4756206,1.5073187,nan
3,9057,228596,79,13330,1.8756966,1.1335901,0.9671541,0.9607566,0.9951131,1.0091777,0.9177092,0.9567761,0.9862455,0.8478262,0.9017473,0.928592,0.9029576,0.9781003,0.9676728,0.9858549,0.9396316,0.9799213,0.9149884,0.9380755,0.9287464,0.9258994,0.9035416,0.8904876,0.9084969,0.9379716,0.9217773,0.9311122,0.9626949,0.9942285,nan
3,9057,507061,58,39691,3.0024453,1.8486599,1.9040966,1.9298846,1.8485208,1.7969552,1.7111807,1.8539458,1.7901609,1.7678772,1.7449382,1.6979292,1.8607028,1.7509077,1.648046,1.8376664,1.7515573,1.6171807,1.6893322,1.7747112,1.7552514,1.6827385,1.6974898,1.8028064,1.581071,1.6823903,1.7731178,1.5963485,1.6927067,1.6450997,nan
3,9061,1530245,35,194947,6.8421835,4.9329411,4.4992372,4.5861395,4.4239473,4.4324723,4.4588514,4.3481459,4.2477422,4.5300826,4.3924082,4.3452645,4.3474361,4.2199178,4.2902481,4.4964001,4.538611,4.1977121,4.4397919,4.4379312,4.2287645,4.322735,4.1866614,4.2040771,4.4463745,4.4432518,4.2501694,4.2598039,4.3770012,4.4525433,nan
3,9064,1438275,75,86635,4.9164396,3.1487925,2.9744002,2.9696954,3.0747736,2.7942566,2.9989287,2.915693,2.8068586,2.881885,2.7386069,2.6970234,2.7875022,2.8590278,2.8029973,2.6877772,2.8840951,2.8447767,2.6159593,2.6522723,2.7623549,2.6760982,2.7707374,2.6665767,2.6627313,2.8556298,2.6488161,2.7756884,2.7754456,2.7321605,nan
3,9066,388298,87,20320,2.8913784,1.8275734,1.7197098,1.8096214,1.71033,1.6759182,1.7379943,1.7810799,1.8573818,1.819296,1.8071113,1.805702,1.7563638,1.7283849,1.6985264,1.739231,1.7004712,1.5965243,1.6576007,1.6714649,1.7352203,1.6305308,1.5972592,1.5780778,1.65439,1.6325325,1.6127793,1.649659,1.6914499,1.6303416,nan
3,9069,1131910,53,96343,6.5778034,4.162829,3.6985864,3.9829337,3.7989744,3.9328792,3.4873196,3.8177686,3.7847216,3.7666739,3.1793934,3.7937347,3.5773617,3.4885252,3.59197,3.3012837,3.5884012,3.5255376,3.6129913,3.5375318,3.6804125,3.5833525,3.7353351,3.495887,3.5913385,3.6096483,3.5642519,3.718608,3.4594497,3.6358371,nan
3,9075,401725,100,18544,1.7366719,1.0725596,1.026202,1.0069381,0.9750277,1.0015581,0.9470301,0.9731549,0.9139558,0.9626612,0.9440217,0.9236045,0.9275276,0.9690938,0.8810052,0.907987,0.9384756,0.9341855,0.9334384,0.8984574,0.9439222,0.9368697,0.9441925,0.8837896,0.9371246,0.9278529,0.8861954,0.8785516,0.9178492,0.9119017,nan
3,9078,185598,78,10924,1.5407732,0.8696456,0.8175868,0.8329486,0.8623914,0.7474375,0.7903627,0.7857567,0.7981212,0.790027,0.8555336,0.7957391,0.8143193,0.7865073,0.7703602,0.7823451,0.794356,0.7785855,0.7805753,0.8100434,0.8040315,0.7758169,0.8172807,0.8016548,0.8034238,0.7685601,0.8046264,0.794628,0.7963975,0.7708394,nan
3,9081,1895874,98,87379,13.3482304,9.0822764,8.4576693,8.4053377,8.3856535,8.1885961,7.8140511,8.2204457,8.5759895,8.1464591,8.1978319,8.3347056,8.4670771,8.6066669,8.1658117,7.569404,7.7185947,8.3183271,7.6705961,7.8708544,8.5233582,7.782938,7.6407204,7.9563735,7.6928308,7.8198023,8.0511008,7.637851,8.0509196,7.6791063,nan
3,9087,1755600,34,229399,7.6820624,5.5883132,5.1661509,5.5394864,5.2965225,5.1304252,5.2336776,4.9338475,5.0614977,5.1187043,5.2367127,4.8869362,4.8547324,5.033833,5.0219304,5.1597379,5.1122593,4.7640227,4.9191194,4.8513137,4.896652,4.7617951,4.8415221,5.0322654,4.738401,4.8689914,4.9718093,4.9859148,4.7793825,4.821599,nan
3,9094,1240251,99,56674,4.7285579,3.4115978,3.6910551,3.472355,2.8715703,2.7656526,2.7596059,2.8355255,2.8183588,2.8816191,2.7107724,2.7095459,2.7427146,2.8138759,2.7874348,2.6055465,2.7062774,2.7642541,2.6808594,2.720301,2.7045784,2.5883505,2.7471557,2.7390565,2.5229857,2.6652432,2.5378022,2.7288243,2.6208959,2.7093691,nan
3,9121,244651,100,11356,2.173227,1.2833277,1.2218317,1.2340082,1.1708169,1.2421014,1.1260301,1.2430631,1.1662731,1.1930107,1.1527892,1.0658985,1.0796268,1.1579284,1.1212022,1.1182785,1.1842167,1.1299025,1.1610641,1.1500457,1.1515,1.1736886,1.1486632,1.1278851,1.1186315,1.0346679,1.0856408,1.1350523,1.1492217,1.1104187,nan
3,9121,779567,24,144103,1.8449637,1.3702134,1.3428708,1.2872125,1.1797849,1.2471652,1.264888,1.2831988,1.2660581,1.1888607,1.2923556,1.2447078,1.2355593,1.2249781,1.2192264,1.2313191,1.2396405,1.2309148,1.2845253,1.2734259,1.2652374,1.1866742,1.2515632,1.203219,1.2553427,1.2266987,1.2563231,1.2469629,1.2051629,1.2533911,nan
3,9128,1651465,73,102016,9.6344658,6.402632,6.1843669,6.019972,5.932862,5.8126043,6.1246788,5.9158018,5.7021908,6.0914543,6.0022417,5.8718149,5.9346914,5.9771687,5.7975806,5.8648972,5.642619,5.7027582,5.8427191,5.8140895,6.1787809,6.0462552,5.9463479,5.625804,5.6450773,5.6595707,5.8253717,6.2146394,5.6824457,5.664948,nan
3,9135,1215893,11,467197,4.7993422,4.3218101,3.9387184,3.5756136,3.8379082,3.7227607,3.5898559,3.7540899,3.544967,3.6910643,3.6808468,3.3824864,3.7137798,3.7083481,3.6344278,3.5136763,3.54805,3.5037507,3.4911363,3.4561848,3.6696024,3.6035382,3.4458078,3.5790222,3.5769146,3.4368234,3.646789,3.4360264,3.4473253,3.639731,nan
3,9143,751409,22,150313,3.1546237,2.438413,2.2995055,2.3704664,2.1981019,2.2731277,2.1185291,2.1980217,2.2089145,2.1754925,2.1459344,2.2290792,2.1234775,2.1775701,2.233711,2.2359442,2.1314726,2.2302228,2.1634174,2.1937834,2.2054472,2.200814,2.2033376,2.1337509,2.1595247,2.1396006,2.2190041,2.1526939,2.2143636,2.2208198,nan
3,915,913533,69,59815,2.2162881,2.1140487,2.0200891,2.0662795,1.9245932,2.1660543,2.1381835,2.0287183,2.0757113,2.194761,2.0668733,2.3211878,2.5066907,2.0144979,2.145626,2.2468101,2.3098928,2.0166516,2.0714459,1.8554569,2.0659909,1.912226,2.2065191,1.8389342,2.0381543,2.0117652,2.11783,2.2508393,1.9922605,2.363306,nan
3,9158,1709463,58,131659,9.3026759,6.5244176,6.1141617,6.362332,5.8614432,5.571098,5.7101381,5.7876433,5.4004694,5.639181,5.6478785,5.8449776,5.7706427,5.5546936,5.7081149,5.6591852,5.4328575,5.5803719,5.4413816,5.513973,5.4455571,5.6063116,5.9549958,5.5066019,5.507291,5.6648614,5.7921285,5.3950184,5.4337787,5.3265453,nan
3,9169,442483,80,25384,3.1562735,1.9818581,1.8273432,1.7484034,1.9065201,1.6992784,1.7124238,1.9188525,1.7625863,1.7914102,1.745121,1.7140656,1.8406206,1.7973375,1.6748188,1.8440495,1.7050046,1.712291,1.7207016,1.6336648,1.640839,1.7805657,1.7004297,1.7040648,1.7858625,1.6988676,1.7395587,1.7370451,1.7803551,1.6753396,nan
3,9172,1945049,40,216130,9.0425206,6.4000451,6.0595906,5.9191651,6.0118459,5.7815811,5.8789515,6.2538126,6.0629584,5.9295596,5.8640232,5.7872246,5.7620944,5.9045124,5.7840236,5.8329032,5.9467156,5.567167,5.4992065,6.0961485,5.63035,5.6940024,6.1080371,6.0238658,5.5218447,5.8190157,5.7086436,5.5602174,6.0044059,5.6834947,nan
3,9179,1448665,10,595330,5.628977,5.0596121,4.661288,4.4466712,4.2857539,4.3796461,3.9020622,4.1032863,4.0492359,4.0345512,4.1070845,3.874767,4.0249705,3.9974416,4.2558617,4.0651797,4.1668836,4.1537805,4.0360032,4.389431,4.1405585,3.9123008,4.3513589,4.1120887,4.3945915,4.0423172,4.0833268,4.1708866,4.1022795,4.2186306,nan
3,9187,1484490,61,109522,8.2978598,5.5104703,5.4180244,5.4596719,5.2236028,5.1949351,5.3423898,5.2213622,4.9455204,5.1118824,5.184993,4.8561796,5.0153534,4.9404467,4.8605285,4.9692096,5.063515,4.9216283,5.1459589,4.9775226,4.9796665,5.0678665,5.2639353,5.023971,5.0316208,5.0404323,5.1276279,4.9327009,4.9651364,5.1649561,nan
3,9190,575713,13,191959,2.5631126,1.972509,1.8567759,1.9131726,1.7016344,1.8067746,1.8121369,1.8389449,1.8580216,1.7763769,1.763612,1.7431023,1.8209576,1.6769087,1.835983,1.7604482,1.6982583,1.7851201,1.8025754,1.7854791,1.7788738,1.8246908,1.7665113,1.7556307,1.6854336,1.7551104,1.7592746,1.6626845,1.7828662,1.6758127,nan
3,9191,1596462,27,261211,6.8141675,4.5367956,4.6437692,4.788613,4.5511955,4.8097339,4.3318382,4.5445822,4.1876308,4.471706,4.2293565,4.416461,4.1369515,4.3361897,4.3469573,4.2988985,4.2782152,4.3529729,4.6195016,4.1727392,4.2541972,4.436986,4.2352269,4.1929936,4.2607877,4.2774875,4.4838992,4.1869625,4.3223385,4.2425807,nan
3,9204,786521,30,116905,3.6582846,2.3808244,2.571554,2.5229099,2.4465578,2.3941996,2.2919772,2.429686,2.4057646,2.2813777,2.3630288,2.4489365,2.2530185,2.3779588,2.3313567,2.3912918,2.4750018,2.4185681,2.3142179,2.3344714,2.1659614,2.3695351,2.4049324,2.3172824,2.3276778,2.337548,2.216093,2.3635748,2.2061737,2.3755203,nan
3,9214,466997,44,48001,2.6006996,1.7203024,1.6533091,1.5503599,1.5625821,1.5145777,1.4774831,1.5113808,1.5167331,1.5638421,1.3938125,1.5232597,1.5284327,1.4727667,1.4231299,1.4433278,1.5123006,1.505233,1.443144,1.5150362,1.4845029,1.4908278,1.4365892,1.4227968,1.5044895,1.5299367,1.4606329,1.383516,1.5037893,1.4951975,nan
3,9214,873245,43,90802,2.2373463,1.5983533,1.5648811,1.5667471,1.519567,1.4814409,1.4096511,1.4811389,1.4936642,1.4468585,1.4491233,1.4605233,1.3373919,1.4393635,1.4051359,1.4515557,1.4392186,1.4197968,1.4097035,1.4772915,1.4302797,1.4410516,1.363741,1.4725552,1.4699009,1.436515,1.4761951,1.4772445,1.4867335,1.4751317,nan
3,9217,872831,30,128995,3.9608344,2.671671,2.7856953,2.7972716,2.7564081,2.6679859,2.5639545,2.6111751,2.6712248,2.6511646,2.6231784,2.5684278,2.6751022,2.665052,2.6021167,2.6211183,2.5068064,2.689361,2.4898018,2.6104959,2.6097407,2.639077,2.4718707,2.6550019,2.4173622,2.6259375,2.5173567,2.649078,2.5748995,2.5726851,nan
3,9227,1446300,93,70495,11.4148201,7.2233374,6.3130573,6.1711715,6.3992754,6.0588482,5.9222738,6.0969466,5.8720064,5.9056542,5.6716722,6.1462504,5.6606808,5.8124954,6.0112215,6.0599265,5.6218047,6.034764,5.6982918,5.8034888,5.8039954,5.7333453,6.1347868,5.8674283,5.7357993,5.9714085,5.7283572,5.5029005,6.1031363,5.8158666,nan
3,9228,771363,49,70750,2.125776,1.466984,1.31563,1.370766,1.3530128,1.3084209,1.3378254,1.3531219,1.3325232,1.3352886,1.3015078,1.2530773,1.3070938,1.3110995,1.3229927,1.3299972,1.3495448,1.3128523,1.3114648,1.2844949,1.3504477,1.3119069,1.3188821,1.326266,1.3303764,1.2467342,1.3589479,1.2822009,1.2693189,1.2545685,nan
3,9230,1093718,59,83377,3.1977128,2.3096512,2.0362699,2.0721252,1.9686776,1.9614571,2.0046694,1.9079096,2.0437018,1.9240263,1.9000822,2.0679222,2.0267142,1.9239971,1.8901836,1.9850337,1.9945109,1.9219713,2.09573,2.0033764,1.8876254,1.9332525,1.9073834,1.9973158,2.1934232,2.1765001,1.8390574,1.8920813,1.9133977,1.8905877,nan
3,9235,180995,21,38647,0.9980056,0.6712535,0.6582427,0.6649241,0.5101989,0.6299284,0.6445254,0.507794,0.6830174,0.5986471,0.6046955,0.596052,0.6205547,0.6165766,0.5791844,0.6180882,0.6062585,0.60918,0.6112068,0.596152,0.5973519,0.6200254,0.5585433,0.5972988,0.6218191,0.5916681,0.592114,0.6170613,0.6109647,0.5803141,nan
3,9235,751169,95,35938,5.4217008,3.4849823,3.3431479,3.1283135,3.1304232,3.4621563,3.1213729,3.0326992,3.1236046,3.0521449,3.2235248,3.1524849,2.9708097,3.1243352,3.1004656,3.2303593,2.9093482,3.1465542,3.106284,3.022556,2.823886,3.0469399,3.0188891,2.9145588,2.9691584,3.0547301,2.914168,3.0837015,2.9379189,3.0175551,nan
3,9246,1830286,23,346018,7.3404329,5.4463901,6.0120797,5.1844082,5.1946162,4.9502516,5.0951255,5.2412399,4.8732628,5.087512,4.8024111,4.9151567,4.8632451,4.9946361,4.9444373,4.7931757,5.1645307,4.8739752,4.8015544,4.9792086,4.8265588,4.9209171,5.1617824,5.1876034,4.9702258,4.7939742,5.1475447,4.9754175,4.8780684,5.188321,nan
3,9247,1328389,22,266017,5.4913561,3.8915816,3.7953702,3.7706742,3.696221,3.6033542,3.5683665,3.6475594,3.4430797,3.692111,3.6334274,3.6549022,3.6498849,3.6137058,3.6091819,3.5034596,3.5896806,3.825416,3.4961488,3.5702892,3.747698,3.5435723,3.502934,3.5104714,3.5368214,3.5978412,3.6736119,3.7635327,3.4770355,3.7212502,nan
3,9257,799518,94,38677,2.8732954,1.8536215,1.9550113,1.8125259,1.7656037,1.8996634,1.6601908,1.6732186,1.7079274,1.7487927,1.7566337,1.698948,1.7245571,1.5963368,1.7291219,1.6911414,1.6680194,1.6621633,1.6239439,1.7515935,1.6805829,1.7736324,1.8186193,1.7035026,1.6562541,1.7059611,1.6394478,1.7007752,1.6238772,1.6802911,nan
3,9277,682471,56,55060,3.8128953,2.5326717,2.4022551,2.3776549,2.4736824,2.3462411,2.3148833,2.4088653,2.3620148,2.2099775,2.3619602,2.2906661,2.2831282,2.3360448,2.1401735,2.3651345,2.26194,2.1821898,2.4151481,2.4588858,2.33102,2.1911688,2.2863196,2.2999806,2.3450993,2.1063194,2.2271958,2.1857652,2.3263061,1.9409242,nan
3,928,1709482,70,110074,4.4116782,4.095117,3.8394734,3.8444609,4.159121,3.9959595,3.6803281,4.1475138,3.7126525,4.0952522,4.2458453,3.958465,3.7555834,4.0593837,3.8817254,4.0739883,4.0789252,4.0590584,3.6111565,3.6697022,3.6789085,3.9218328,3.818442,3.596388,3.5802568,3.991102,3.9263533,3.6642434,3.9910192,3.6578299,nan
3,9288,221067,96,10576,1.0224308,0.5884242,0.5607428,0.5907218,0.5626768,0.549066,0.5737917,0.578298,0.5584911,0.565913,0.5561627,0.5379039,0.5383881,0.5462776,0.5633905,0.5422547,0.5062889,0.5121912,0.5320206,0.5334746,0.5289124,0.5175445,0.5455891,0.5292815,0.5227456,0.5339378,0.5245942,0.5426354,0.5297708,0.5376164,nan
3,9296,477837,31,68965,2.4731875,1.6400077,1.6522293,1.5272102,1.5719108,1.427087,1.5399474,1.5105606,1.5509572,1.5309258,1.4721758,1.4424458,1.4238961,1.4958403,1.4755798,1.5418783,1.4435144,1.4238199,1.3698437,1.3573153,1.499309,1.4409361,1.4304441,1.47527,1.4239955,1.4733816,1.4293231,1.4169349,1.3688695,1.4774183,nan
3,9304,1841438,98,84928,13.7570843,8.8531431,8.6631305,8.2139671,8.1680517,7.6557784,8.0840164,7.93434,7.7840854,7.6190248,7.8700568,7.3172692,7.7823428,7.3449875,7.3601863,7.2951396,7.4975969,7.4416471,7.5601374,8.0188019,7.738625,7.3487878,7.6167743,7.413035,7.7865754,7.3166762,7.82923,7.5139691,7.1506156,7.6789913,nan
3,9327,1674071,53,141865,8.3393503,5.9724048,5.5507195,5.654178,5.6497031,5.4505568,5.4437697,5.4738861,5.1639213,5.5364379,5.2523465,5.5858991,5.6661087,5.1993874,5.1396331,5.2625142,5.5354759,5.340813,5.3726559,5.1873766,5.2544689,5.0662527,5.239347,5.2603637,5.0821096,4.9936341,5.4539988,5.4618598,5.2590105,5.1243825,nan
3,9341,1199952,58,93295,6.9453108,4.6849577,4.3763182,4.3939086,4.376268,4.3995774,4.4140533,4.4029465,4.234899,4.1786196,3.9408078,4.1027931,4.1216099,3.8438985,4.171334,4.3424576,3.8464208,4.159913,4.1444088,3.7393328,3.968209,4.2344793,3.8694154,4.1071891,4.0342006,4.1331449,4.1720944,4.2942159,4.1046893,3.8762887,nan
3,9341,531757,20,118081,2.3419234,1.7517791,1.6414488,1.5849442,1.6703139,1.6682142,1.6287815,1.7572502,1.5696837,1.604173,1.5619616,1.5876786,1.5775591,1.6536822,1.5493708,1.5245194,1.5405465,1.5668184,1.585895,1.4391137,1.6078979,1.5621824,1.5709378,1.4056631,1.5765861,1.5438619,1.5527939,1.5722042,1.467806,1.6037837,nan
3,9357,64657,60,4960,0.6162652,0.317159,0.3138691,0.3189533,0.3531842,0.3126042,0.3050356,0.3011332,0.2920213,0.2931913,0.2890287,0.2991028,0.2992818,0.3148123,0.309021,0.2948456,0.2959027,0.3473979,0.3093184,0.3072993,0.2953785,0.2953705,0.3030645,0.2849198,0.3016911,0.2444757,0.2877599,0.2976592,0.2862826,0.2181667,nan
3,9359,1587718,45,157645,7.8334707,5.274385,5.238534,5.0816207,5.1253609,5.0844557,4.9364675,5.0858019,5.0229842,4.6458117,4.9629039,5.1663068,4.8292541,4.7151168,4.8534467,4.7051346,4.8058028,4.6451237,4.6405541,4.6125802,4.7682205,4.766933,4.7270002,4.70466,4.469251,4.8517734,4.5140333,4.7214844,4.846212,4.9528411,nan
3,9377,1049242,48,98341,5.4326944,4.0501556,3.7058114,3.564716,3.634331,3.2433353,3.5011527,3.4080668,3.3221862,3.4389335,3.2102778,3.2324418,3.4541814,3.2021924,3.332319,3.2085948,3.1358383,3.3729218,3.1622196,3.3847404,3.1741519,3.3671676,3.1344511,3.3664633,3.2509246,3.16173,3.3096547,3.0904971,3.2750368,3.1138316,nan
3,9400,532124,83,29239,4.029625,2.6088673,2.5329969,2.407927,2.24013,2.4731488,2.5033829,2.5323073,2.4939778,2.416914,2.357495,2.0459722,2.2207727,2.169114,2.1754616,2.2544384,2.2843892,2.1975239,2.2178834,2.2019284,2.0403095,2.0833115,2.187865,2.2876522,2.1643654,2.2472125,2.1924746,2.1819366,2.1845276,2.272738,nan
3,9409,976715,92,48352,7.6077746,4.7506753,4.6448407,4.5844277,4.3662775,4.1338713,4.3573748,4.3142622,3.9517144,3.9000945,4.1885806,3.7954736,4.1119674,4.2643616,4.1217385,4.1240846,4.1622111,4.3703117,4.087266,4.1167063,4.2870715,4.193213,4.1641222,3.8516139,4.2421779,4.0814079,4.1002489,4.4272043,3.9132656,4.1453413,nan
3,942,92494,43,9886,0.199854,0.1952182,0.1734115,0.1875216,0.2028297,0.1839506,0.2119408,0.1941147,0.2027312,0.1910035,0.2054711,0.1908886,0.2055936,0.1962732,0.1997944,0.2107505,0.201475,0.2240837,0.1941003,0.2109146,0.2124088,0.2169797,0.1942879,0.2007352,0.2015946,0.1978389,0.195617,0.1992836,0.2200933,0.1934873,nan
3,9424,1555129,15,444409,6.133438,4.8228931,4.5658953,4.313774,4.1454688,4.370509,4.2620965,4.1998953,4.3301123,4.411926,4.2901123,4.2284698,4.1210273,4.2534011,4.3203913,4.3841523,3.9031088,4.1076721,4.1196283,4.1448816,4.2708855,4.3773458,4.2495104,4.2742677,4.0723086,4.5069056,3.9938328,4.1971958,4.1508399,4.3255275,nan
3,9429,1575891,10,631900,6.3112442,5.7361109,5.0222047,4.9570722,4.6129474,4.7463941,4.5144957,4.6116021,4.5665674,4.4440773,4.4491402,4.5678872,4.7383392,4.7338334,4.516389,4.4811693,4.4675601,4.5202187,4.4375654,4.3328592,4.7780827,4.5915166,4.3865586,4.6581765,4.7297047,4.4267608,4.3810685,4.6955636,4.3712756,4.7362253,nan
3,9435,1269201,18,308821,5.2500374,4.0307731,3.8402821,3.9513779,3.8069683,3.7853728,3.7670479,3.5899992,3.7368358,3.7987639,3.6730711,3.7318663,3.6289448,3.5653331,3.694714,3.7194299,3.6636339,3.6712436,3.6898223,3.4249451,3.6922825,3.4446418,3.6911046,3.7436714,3.6970905,3.6356937,3.636258,3.6842628,3.6608974,3.7020266,nan
3,9462,198256,16,54367,1.0861238,0.6897061,0.6712683,0.7192386,0.7012942,0.681121,0.6909129,0.6825621,0.6358571,0.6781862,0.6815808,0.7113112,0.7070101,0.6630868,0.7028084,0.682946,0.677685,0.6709071,0.6613103,0.6820143,0.6892833,0.6929664,0.7043597,0.6486609,0.6892074,0.6755629,0.6279236,0.7129708,0.6505402,0.6874434,nan
3,9464,1775206,91,88210,12.754265,7.9343314,7.7046287,7.7885397,7.4809327,7.8752004,7.5332137,7.2501845,7.1694247,7.1304381,7.1197874,7.1623302,7.2525537,6.9057162,7.0637602,6.8912702,7.1701552,7.3576672,7.3872942,6.8592434,7.2546712,7.7604751,7.1671506,7.0421458,7.4663515,7.1080948,7.1276644,6.9424817,6.702718,7.027577,nan
3,947,1263714,16,341800,1.9296159,1.825049,1.7368136,1.7843898,1.518015,1.7073966,1.6681447,1.6488448,1.6505468,1.6599959,1.7812432,1.7847216,1.6689179,1.7215024,1.6154707,1.4141246,1.65658,1.5512007,1.6206592,1.6029933,1.5452613,1.6641807,1.6636544,1.5163882,1.6375756,1.6614587,1.4956973,1.6040043,1.6383148,1.5702479,nan
3,9485,1870021,67,125767,11.0484973,6.9161551,6.6249745,7.2000603,7.1356828,6.6948254,6.8849274,6.8132453,6.7920464,6.6047546,6.7139034,6.5566366,6.4161148,6.6924534,6.7281447,6.2788397,6.492016,6.5895246,6.530983,6.7252115,6.8496301,6.3639469,6.6085038,6.7402664,6.7452731,6.6200711,6.8695602,6.8263813,6.4969824,6.8427393,nan
3,9513,1950741,69,126994,11.0510785,7.5932627,7.4111769,7.2515062,7.060053,7.0371311,7.0084765,7.2856159,6.7675408,7.058123,6.7388696,6.7404467,6.5115875,6.8708043,6.5941797,6.881826,6.8948498,6.8197648,7.0717141,6.9193726,7.080644,6.6649749,6.824985,6.9278045,7.156703,6.779007,6.8733972,6.5670462,6.6137777,6.6398525,nan
3,9514,363079,23,70180,1.7877553,1.17302,1.071266,1.1285302,1.1267274,1.1256103,1.1388616,1.0542095,1.0993493,1.1006892,0.9953667,1.1319446,1.0887213,1.1250187,0.9818894,1.0822073,1.0729248,1.0274771,1.0964231,1.0836725,1.0786507,1.0308125,1.0825686,1.0952683,1.0870449,1.1083359,0.9950742,1.0833692,1.0473967,1.0877622,nan
3,9538,87747,97,4174,0.9610963,0.6128311,0.4810117,0.5033711,0.4888741,0.497649,0.4976645,0.4784625,0.479236,0.4972305,0.4673999,0.4613578,0.4827985,0.4829022,0.4607887,0.466493,0.4931835,0.5073975,0.5130659,0.4787065,0.5018877,0.4840063,0.4950049,0.4636914,0.5342507,0.4793517,0.4784432,0.5027341,0.4786076,0.4817328,nan
3,9555,473214,16,127693,1.7055888,1.4309509,1.4003979,1.5805707,1.491378,1.444577,1.4681236,1.3575428,1.4385955,1.487907,1.4462404,1.3638345,1.45823,1.3617552,1.4188816,1.4047897,1.457782,1.2675102,1.4598027,1.3864782,1.4186382,1.4077762,1.3889186,1.415737,1.3064162,1.4530071,1.4105685,1.3302371,1.2987385,1.3880773,nan
3,9562,1274963,81,71179,8.3997243,5.7653031,5.3744102,4.9846476,5.090288,4.7256634,4.9294226,5.0381804,4.9533878,4.9774581,4.9239776,4.7971341,5.0309091,4.5800054,4.8372108,5.0142995,4.9811505,4.8069016,4.8161864,5.2603315,4.9667365,4.9974976,5.0518546,4.834551,4.8248694,4.8879883,4.8082166,5.1025845,4.9484283,5.1709349,nan
3,9566,1493399,77,87481,9.0083473,6.9096549,6.286342,5.9807511,5.9356811,5.57246,5.8124545,5.8244395,5.7801991,5.5133655,5.6533218,5.4708632,5.6951192,5.8435655,5.7693844,5.8442696,5.5501929,5.4952834,5.8610727,5.4344053,5.3685885,5.6064168,5.5334165,5.7697052,5.6390806,5.9735716,5.6239753,5.2456492,5.5022173,5.274215,nan
3,9570,1483592,54,123493,8.6787891,5.5599742,5.4019921,5.1302984,5.2113883,5.2055873,5.1361531,5.1778961,5.0694728,4.7745597,5.169543,5.1332734,4.9366788,4.8425391,4.6998628,5.2526208,4.7793098,4.9174495,4.8557497,4.7621033,4.8607404,4.7477808,4.6804789,4.9478351,4.7008408,4.9638469,4.5401222,4.5638827,4.9545198,4.9647402,nan
3,9572,513068,66,35398,1.6952841,1.136786,1.0846491,1.1242407,1.0835434,1.0501415,1.0449493,1.0767034,1.0561475,0.9888671,1.0376349,0.9749396,0.9818501,0.9988627,1.0050672,1.0137706,1.0365021,0.9269984,0.972252,0.9668496,0.9611648,0.9373046,0.906117,0.9848047,1.0077332,1.0123453,0.9613711,0.9321302,0.948912,0.9983637,nan
3,9577,1493595,67,100309,9.0866393,6.2303667,6.0495509,5.623583,5.4688408,5.4563292,5.8921318,5.5334321,5.3166767,5.5081631,5.5111432,5.1789515,5.0203342,5.2044171,5.1821817,5.1535462,5.1968931,5.498006,5.0664698,5.1725821,5.0395384,5.3406828,4.9211448,5.2649683,5.3884587,5.2022729,5.5308833,4.9785144,5.2710895,5.3815704,nan
3,9582,1527812,77,89731,9.9438377,6.5001031,6.4390824,5.8034961,6.3306007,6.2388123,5.9229474,5.7793361,5.5724734,5.8408853,5.7225411,5.8438273,5.8663517,5.2396374,5.7661765,6.0624701,5.8503021,5.7235705,5.6248309,5.3808056,5.5779649,5.9075336,5.6817064,5.885037,5.3719799,5.7204782,5.4628937,5.4627949,5.7789589,5.5068794,nan
3,9598,1914876,78,110488,6.2732736,4.4612574,4.17276,3.8722774,4.0843104,4.0294326,3.7286655,3.7278331,3.8420761,3.7472889,3.6228257,3.9627866,3.9044619,3.7104587,3.7563951,3.5524973,3.7884219,3.6346709,4.0087996,3.6540688,4.2160679,3.7297119,3.7035565,3.5421261,3.5665505,3.8223975,3.9961122,3.5998091,3.542591,3.7102238,nan
3,9600,1222209,65,84886,7.1903727,5.3158548,4.8243804,4.5093476,4.3160038,4.1153507,4.3851012,4.0827205,4.4216831,4.2855719,4.2453193,4.1190163,4.5108052,4.3158131,4.2421232,4.2617735,4.42216,4.1930561,4.4396752,4.1505115,4.1118844,4.3096386,4.2001617,4.1876701,4.1279241,4.184375,4.2165688,4.0616553,3.9880181,4.3107236,nan
3,9600,1999165,35,251473,9.2139647,6.2729287,6.0454603,5.9251394,5.8252415,5.6259119,5.8888765,5.7627424,5.7161928,5.91568,6.1321989,5.4279,6.0372353,5.6417216,5.5550628,5.9970675,5.7980332,5.6246692,5.8507624,5.749022,5.4925462,5.7574892,5.624183,5.5975089,5.6282209,5.7178569,5.6162915,5.6961568,5.4094668,5.6991697,nan
3,9609,1074614,56,86491,6.1153067,3.750807,3.9501941,3.6339401,3.5945402,3.8674173,3.7461825,3.6006087,3.5575882,3.4664505,3.4238578,3.4760862,3.4960761,3.6890409,3.495266,3.6407659,3.7085602,3.506208,3.5204368,3.5081971,3.6058304,3.7160727,3.5570356,3.5773151,3.5155294,3.5361713,3.5141332,3.5901421,3.3978526,3.6138343,nan
3,9613,1368453,46,133216,7.2058445,4.9344569,4.6209753,4.5914888,4.3476974,4.2526106,4.3459946,4.3488888,4.2071739,4.2249579,4.2285247,4.2357378,4.2937335,4.4594597,4.225287,4.1751298,4.2655238,4.3607193,4.4911077,4.3707909,4.2795305,4.4208226,4.241639,4.4370331,4.1812234,4.3211422,4.3011838,4.1574413,4.3850805,4.2425003,nan
3,9657,370041,23,71992,1.7245901,1.196953,1.1731764,1.1227034,1.1504081,1.213877,1.144353,1.1684884,1.0736826,1.091808,1.1113194,1.1200761,1.0930177,1.053381,1.1378237,1.0505289,1.0673562,1.1357266,1.1121003,1.0045032,1.1425827,1.0962288,1.0558516,1.0738856,1.1667444,1.1453664,1.1383163,1.147334,1.1566472,0.9399254,nan
3,9674,1017357,50,91558,5.3658154,3.8140659,3.372287,3.2885724,3.1826994,3.2044682,3.015806,3.164933,3.2597176,3.2524869,3.2426244,3.2655307,3.30017,3.1094735,3.2962374,3.2590099,3.2340065,3.1940286,3.3111444,2.9459987,3.1446595,3.2656454,3.3580701,3.288598,2.9821396,3.3403618,3.058709,3.1022453,3.3841875,3.189296,nan
3,9679,1649314,78,95497,11.1467512,6.9898319,6.6603468,6.5126041,6.6820614,6.6557033,6.2695568,6.4669953,6.5314843,6.4252744,6.2565895,6.1356875,6.2309189,6.3314537,6.3637557,6.3215769,4.2370104,3.3592761,5.0885192,6.2437475,6.3547747,6.0757024,6.2884146,6.5081594,6.3036243,6.130425,6.1981819,6.611625,6.0429745,6.0098408,nan
3,9679,927263,94,44725,6.7164985,4.3892867,4.1970269,4.0180722,3.886203,4.0801791,4.0480655,3.797552,3.8727293,3.8815573,3.9451793,3.856411,3.9125788,3.8116567,3.6095989,3.743399,3.9063467,3.6067205,3.7585239,3.9268011,4.1170855,3.7448253,3.8121373,3.935155,3.7619482,3.9366582,3.7787692,3.8936671,4.0468768,3.7443053,nan
3,9697,1408570,11,531121,5.7734145,4.8515669,4.2056645,4.4676504,4.1216277,4.1787239,4.1113995,4.4424362,4.2683165,4.0608296,4.114989,4.2701526,4.0730077,4.2054331,3.9823471,4.2118219,4.2459398,4.3964212,4.2082071,4.054162,4.2154421,4.2599263,4.3556722,4.0807854,4.1738899,4.1239327,4.2582255,4.0553432,4.1348052,4.1733566,nan
3,9700,1448784,12,506380,5.9247604,4.9470075,4.3306313,4.3177452,4.6046648,4.2632355,4.2914666,4.3059645,4.2217626,4.1820769,4.1007216,4.2600095,4.1978233,4.1967046,4.1911011,4.5179249,4.197117,4.3584457,4.5090505,4.1907311,4.5590599,4.318889,4.1417376,4.3038461,4.3886338,4.1350658,4.26707,4.4300549,4.1116391,4.5092831,nan
3,9703,1111858,15,322318,4.5918565,3.6589163,3.5757519,3.2309775,3.2416744,3.244037,3.311352,3.2408898,3.1662548,3.2863126,3.3757423,3.0874506,3.1612951,3.1990863,3.287504,3.0651477,3.152834,3.2737788,3.1429906,3.0506451,3.2539026,3.2302582,3.2955134,3.1337151,3.1045406,3.3169813,3.120863,3.3028519,3.03693,3.1829797,nan
3,9706,93562,77,5716,0.9612735,0.4989514,0.4846264,0.5102541,0.5007651,0.4856195,0.4726235,0.4941464,0.4782375,0.4815596,0.4839468,0.4698849,0.4537782,0.4234323,0.4294047,0.4520825,0.4432488,0.4581023,0.4927198,0.4835721,0.4624343,0.4501827,0.4430931,0.49376,0.4869319,0.4575958,0.4492643,0.4667236,0.4604279,0.4798045,nan
3,9712,1532154,100,69451,11.4447476,7.5677655,6.98348,6.9582968,7.085894,6.7953782,6.9702557,7.193301,6.6947482,6.5991883,6.8877829,6.9702045,6.4890463,6.5235812,6.6257585,6.260245,6.6220845,6.5325801,6.8275078,6.2833011,6.6797662,6.5391482,6.5737565,6.570426,6.3897324,6.2063588,6.5295421,6.3191668,6.3881393,6.4034339,nan
3,9713,1274113,50,114493,6.8886975,4.8252259,4.6315296,4.4104598,4.312596,4.174048,4.2878068,4.1674312,4.0914684,4.1125793,4.3775001,4.3086588,4.06806,4.4307944,4.2120346,4.0647944,4.3478072,4.1808558,4.1730662,4.0879233,4.2702919,4.0453091,4.2724557,3.8409209,4.1503228,3.919003,4.3518099,4.0778284,4.1710355,4.0881088,nan
3,972,1040464,65,72085,2.879921,2.2717454,2.5881102,2.5071906,2.5081784,2.2885643,2.2785541,2.5212498,2.3925663,2.3335944,2.5247673,2.3164776,2.3183831,2.5419453,2.4918738,2.4244256,2.3633307,2.5215025,2.7232946,2.4935128,2.6200126,2.6555608,2.3481313,2.485326,2.5418663,2.4791726,2.4285639,2.433074,2.5332096,2.5126129,nan
3,9731,395377,82,22126,1.6646465,0.9837338,0.9790373,0.9544002,0.94667,0.919301,0.8986884,0.8405215,0.9480893,0.9053659,0.9000903,0.9147295,0.9367753,1.0251383,1.0288473,0.9333463,0.8953932,0.9472466,0.8771446,0.8766067,0.8394552,0.8647852,0.8893822,0.8730768,0.8635166,0.8541887,0.8899192,0.8970758,0.8592449,0.8746213,nan
3,9740,1033254,69,67777,6.6799219,4.1919806,4.0855546,4.1591382,4.0399109,4.0539129,3.7501357,3.8083908,4.1938146,3.7868432,3.8565165,3.8579006,3.8673839,3.8651443,3.6732839,3.730642,3.9818603,3.7669568,3.6002234,3.9335963,3.6823836,3.7921568,3.6718344,3.7905208,3.9912429,3.7362763,3.7483627,3.7803821,3.7083656,3.6870777,nan
3,9743,1491813,72,93256,4.75984,3.1776763,3.0987766,2.9788512,2.977338,2.9988025,2.8493672,2.8996142,2.7880867,2.8484481,2.9291316,2.8600144,2.7938341,2.8952253,2.8657048,2.7124997,2.816234,2.9184094,2.7615011,2.8569111,2.9226464,3.4911083,2.8430447,2.8617658,2.8833182,2.8184565,2.6493779,2.9393796,2.7377317,2.9034173,nan
3,9753,1422726,75,85573,9.0357478,6.1999029,5.8365664,5.7242935,5.7809036,5.1227798,5.715436,5.4720724,5.2401582,5.2279458,5.4175977,5.2610694,5.3541256,5.0975585,5.1448416,5.1648077,5.6437467,5.204803,5.3088764,5.2396281,5.3618064,4.9852053,5.3353442,5.0294702,5.1348355,5.5631378,5.2392443,5.4201366,5.2959425,5.267797,nan
3,9756,40614,76,2479,0.5525985,0.2701973,0.2629099,0.233827,0.250217,0.2488346,0.2488469,0.2503663,0.2418256,0.246849,0.2634324,0.2389537,0.2424338,0.2580683,0.2396888,0.2475872,0.2553454,0.2553988,0.2548995,0.2522036,0.2433854,0.2487927,0.2443193,0.2433676,0.248999,0.2411536,0.2612939,0.2460443,0.2569753,0.2448095,nan
3,9758,1538076,66,104899,9.4347567,6.5152374,6.231302,5.8226298,5.8541012,5.8091634,5.554978,5.682515,5.2730949,5.6747825,5.570617,5.3693882,5.7712423,5.1679854,5.4257822,5.6359247,5.5244615,5.4372944,5.2192954,5.1428498,5.4088111,5.1551724,5.2166484,5.1488642,5.1557309,5.692079,5.4787056,5.4753443,5.2551035,5.4418626,nan
3,9765,1013783,82,56002,6.7217446,4.3604986,4.3559169,4.2871244,4.4475636,4.0907491,4.0529324,3.9520408,3.8397613,4.0443788,3.907905,4.1772639,4.1683228,3.8920924,3.7915576,3.883478,3.8631653,3.9437451,4.0264953,3.9846433,3.9083973,3.9135721,4.3617325,3.8764179,3.8689336,4.0452991,4.022519,3.9830113,3.9470281,3.9962683,nan
3,9767,1421399,11,540154,5.7342412,4.9705734,4.6113867,4.3206948,4.3275413,4.118724,4.1339295,4.2628188,4.2145241,4.1723384,4.0868049,4.170577,4.4212825,4.1027973,4.0747742,4.1415449,4.1147289,4.3840142,4.3487562,4.241386,4.3181274,4.1040797,4.0879803,4.0821729,4.2818663,4.0320527,4.2601959,4.1145191,3.9804209,4.2217717,nan
3,9773,1380473,32,192511,6.2095931,4.5169953,4.301568,4.1824637,4.2106187,4.016361,4.2212697,4.0877252,4.0862502,4.1349334,3.95627,4.1391674,4.0461803,4.0087823,3.8477548,4.1702006,4.2142121,3.8807219,3.9241331,3.9741246,4.107224,4.1556725,3.9756756,3.9487015,4.2736933,3.8953532,3.9746253,4.1211698,3.939149,4.0382076,nan
3,9784,553726,23,107533,2.5524454,1.7981836,1.8030666,1.6831797,1.6905037,1.6961952,1.7205388,1.6177394,1.7022972,1.5462435,1.6960998,1.709004,1.5583639,1.6963293,1.5743586,1.6481166,1.5798605,1.6346201,1.5577387,1.5972758,1.588892,1.5714683,1.6130365,1.6711124,1.449127,1.5376637,1.527803,1.5440351,1.6279672,1.5782436,nan
3,9785,827756,63,59377,5.0749122,3.2606936,3.1704445,3.0185757,3.1359807,3.231035,3.0354325,3.1689733,3.1941361,3.0252216,3.3225765,3.0434694,3.1334462,2.8882854,2.899625,3.0540283,2.9463082,3.1144089,2.9336701,2.9694537,3.0121074,3.1232103,3.1170974,2.8275353,3.0231005,2.8679492,2.9320737,2.9437828,2.9936762,2.8641559,nan
3,9794,1320324,24,242755,5.6487581,3.8452472,3.9156069,3.6572666,3.7104482,3.7069687,3.6673539,3.7163042,3.7055699,3.6881975,3.8597126,3.8659115,3.5402967,3.5205786,3.6022458,3.7236198,3.6392071,3.5742382,3.6192283,3.7413799,3.5026167,3.4914853,3.714932,3.7491894,3.5189115,3.6270484,3.67732,3.6545578,3.832448,3.4325532,nan
3,9810,799883,51,70687,4.5182352,3.055725,3.0479204,2.9014341,2.9757551,2.8618032,2.8740518,2.7642383,2.7507356,2.7129212,2.812776,2.7679396,2.6937299,2.7426732,2.6687976,2.7828263,2.546844,2.7358143,2.6556177,2.8389895,2.6105319,2.666424,2.6345627,2.7604882,2.7453516,2.882681,2.6231822,2.6828592,2.7448943,2.7419871,nan
3,9816,1231694,73,76387,7.8320032,5.4177101,4.7748132,5.0704061,4.9923374,4.7882204,4.5669809,4.6626695,4.4922993,4.4861069,4.4328932,4.8993442,4.7583266,4.5820064,4.6897838,4.5783231,4.3755176,4.5741878,4.6878344,4.5378242,4.7508286,4.4512379,4.3905019,4.7114366,4.3276465,4.639492,4.53784,4.457632,4.5364526,4.3153015,nan
3,9825,662041,90,33628,5.2314033,3.3318812,3.109566,3.2042212,2.8532702,2.8429689,2.9218464,2.9728933,2.8410685,2.6925296,2.8014798,2.9607925,2.7242608,2.9523639,2.8065479,2.8911087,2.8006963,2.8622911,2.7458567,2.7312175,2.8012737,2.8312549,2.6171446,2.8930718,2.9132133,2.8280486,2.8001284,2.8885609,2.8006146,2.825444,nan
3,9837,1322946,56,106183,7.3744246,4.9572866,4.9770121,4.8974271,4.5390728,4.9062899,4.750786,4.6761713,4.7848161,4.5889776,4.6825346,4.4672672,4.5580567,4.648645,4.6909686,4.6573056,4.6286636,4.6290745,4.2779783,4.5295506,4.607262,4.5913102,4.5352987,4.4171084,4.3387209,4.4814637,4.4641467,4.3862355,4.8635106,4.3710527,nan
3,984,1868321,74,113833,4.4997761,4.1876172,4.6605612,4.1342431,4.2083057,4.3237494,4.1102252,4.181915,4.3071138,4.1198483,4.0531197,4.1794434,3.8350037,3.7419553,4.2155667,4.3337228,4.3649604,4.2083153,4.4335283,4.101297,3.8057638,4.1742724,4.8141175,4.061876,4.0231701,4.3873583,4.0367859,3.9405311,4.3091511,4.4959633,nan
3,9846,611183,43,64255,3.3209745,2.0787819,2.1655441,2.1356673,1.9799142,1.9902801,1.966787,2.1295434,1.9417314,1.9571848,1.8928549,1.8914645,2.0118505,1.7891605,2.0306652,1.9648681,2.0051329,1.921817,1.9711091,1.8498313,2.0717475,1.9036274,1.9640317,1.8723944,1.9050675,1.9743978,1.8503378,1.9108566,1.8421172,1.9075972,nan
3,9846,891983,31,128020,4.2607,3.0156754,2.8716895,2.8741413,2.7587149,2.8127875,2.6066754,2.7388287,2.7057406,2.6469934,2.720994,2.598905,2.8075329,2.5788424,2.7155276,2.78203,2.5427767,2.7557143,2.7373896,2.7712429,2.5309634,2.7139027,2.5247474,2.4900723,2.7273911,2.5911444,2.6695026,2.6361108,2.6715126,2.7857421,nan
3,9853,1243309,35,158734,6.0278564,4.2585835,4.0808983,3.8658952,3.7896004,3.8630229,3.9198665,3.7916857,3.8271655,3.8084465,3.6878061,3.8201036,3.6788522,3.9274275,3.8157251,3.8128255,3.6971836,3.5205614,3.7494864,3.7011322,3.7339068,3.5589099,3.6497582,3.7140271,3.7352675,3.7723916,3.6493004,3.7828552,3.5093791,3.805839,nan
3,9856,69374,47,6796,0.6283858,0.34528,0.3142308,0.2529798,0.3118621,0.3253319,0.3177713,0.3255958,0.3392798,0.3517948,0.3233095,0.3064684,0.1834205,0.3399937,0.3143502,0.3066703,0.3245792,0.3184674,0.3211255,0.3230531,0.3207007,0.3202358,0.3268003,0.3229466,0.3379379,0.3333853,0.325376,0.326145,0.3165655,0.322241,nan
3,9863,1049514,59,79999,3.1608483,2.1635154,2.0956761,2.2687098,1.9600286,1.9607725,1.9875819,1.9618828,1.8363614,1.9030005,1.9108237,1.9400783,1.7912675,1.9165357,1.9721203,1.8303536,1.9048607,1.9761384,1.9134045,1.9250506,1.7748331,1.8855007,1.9000111,1.9959366,1.8590985,1.9126182,1.8709209,1.9212506,1.8484246,1.8959154,nan
3,9889,1941821,10,737824,4.1136531,3.6095381,3.0785191,3.3426477,3.1348689,3.4915207,2.9923729,3.2178736,3.0092189,3.5190433,3.0486802,3.1786948,3.1583315,3.042606,2.9887353,3.0182012,3.0864445,3.652728,2.9998621,3.0971442,2.9701557,3.1503001,2.8665678,2.9237526,3.128334,2.96589,3.0678167,2.928861,2.923656,3.1530343,nan
3,990,470430,72,29914,1.2636526,1.2142877,1.2379253,1.144267,1.1084105,1.2426909,1.1008479,1.1596544,1.0800476,1.1235631,1.2140964,1.2324237,0.8856571,1.1242133,1.1795628,1.2728113,1.3306346,0.9449351,1.0948851,1.207545,0.9613522,1.2586064,1.0912139,1.1138298,1.3489616,1.2014416,1.1762287,1.06536,1.15547,1.1674131,nan
3,9912,515003,75,31282,1.8613995,1.2067231,1.2349116,1.1589525,1.0841444,1.1178431,1.0553716,1.0630188,1.116869,1.1344106,1.0827814,1.11299,1.0166028,1.0394253,1.0521513,1.1017401,1.0233415,1.0619242,1.0756408,1.0360949,1.0691568,1.0206654,1.0512177,1.0593883,1.0508782,1.0001994,1.0872218,1.1092517,1.0674172,1.0383237,nan
3,9949,1575642,71,100273,9.6705437,6.361628,6.2830695,6.035701,6.3727476,5.4522345,5.7072885,5.9371341,5.8978698,5.4877652,5.8636565,5.9359931,5.9760537,5.7923133,5.470911,5.6954722,5.6847752,5.5465113,5.9225606,5.613783,5.6105795,5.8872907,5.5860352,5.5448817,5.6589963,5.8992357,5.6895811,5.6208743,5.6330396,5.6246479,nan
3,9951,1433882,73,88714,9.4582109,5.9547992,5.8658385,5.5418627,5.4987898,5.4629622,5.5263285,5.2551242,5.3060253,5.5226912,5.2165581,5.3390547,5.4934886,5.3012884,5.3916863,5.5553211,5.5042462,5.6494203,5.2233457,5.2082933,5.1828655,5.4150755,5.6060486,5.4580907,5.1994455,5.0614171,5.4438516,5.2033444,5.3748741,4.9824282,nan
3,9955,646362,95,31147,5.5270035,3.4515978,3.4875415,3.1251352,2.9243156,3.0970593,3.099068,2.7945531,2.9992438,2.9641123,3.1047197,2.8282268,2.8487606,2.8234925,2.9616514,2.7477353,2.9305443,2.9513597,2.8096248,2.9586379,2.7978968,2.9051698,2.9383965,2.9044268,2.7656554,2.87512,2.8069364,2.7253386,2.9541001,2.8315713,nan
3,9977,1991326,17,494215,4.266902,3.4878998,3.1148247,3.0611134,3.0284614,2.9697785,3.0013937,2.9195602,3.2348937,2.9823107,2.940035,2.8839138,2.9391916,3.1527094,3.0971304,3.2959296,2.9131121,3.1396907,2.933132,3.0094275,2.8598252,2.8520626,3.0557701,2.9911633,2.8413034,2.8693757,3.0463032,3.0774834,2.7736941,2.9458408,nan
3,9988,1444086,59,110353,9.2403798,6.3244565,5.7053511,5.4551927,5.4988585,5.2610939,5.324535,5.1441141,5.2270091,5.2148773,5.007046,5.1775069,5.1281141,4.8433347,5.161775,5.380032,5.031477,5.1209369,5.0612393,5.1492228,5.0656906,5.0880995,5.2778524,4.82596,5.1923298,5.093182,4.8580331,5.0240999,5.0434725,5.0496898,nan
3,9989,1724342,75,103723,5.4726437,3.8591483,3.8769991,3.6847656,3.7318033,3.6823826,3.7327245,3.5233852,3.3599855,3.4118474,3.3685088,3.2522714,3.5451346,3.3767456,3.1540589,3.3823601,3.3003244,3.4307282,3.2364462,3.3246697,3.5383076,3.2922475,3.5009524,3.2218577,3.2481552,3.350486,3.2115883,3.4857408,3.3700666,3.253035,nan
3,9992,1273416,24,235378,5.5845469,3.8909162,3.9291597,3.6855155,3.7754277,3.9436063,3.5555668,3.7141559,3.4162009,3.6579586,3.3937545,3.4902131,3.7392245,3.4821871,3.6249011,3.6155819,3.5632334,3.3824172,3.6685748,3.6057759,3.3912253,3.5895213,3.5002522,3.6457614,3.3726442,3.5739885,3.7067444,3.4250472,3.4582746,3.6473245,nan
